100 6.873e-06
200 1.2398e-05
300 1.8301e-05
400 3.2624e-05
500 2.7628e-05
600 3.3793e-05
700 4.0445e-05
800 4.4812e-05
900 4.5554e-05
1000 5.238e-05
1100 6.7249e-05
1200 6.4787e-05
1300 7.2656e-05
1400 8.4543e-05
1500 7.8283e-05
1600 8.5604e-05
1700 8.4566e-05
1800 0.000101238
1900 9.2538e-05
2000 9.7159e-05
2100 0.000146816
2200 0.000110613
2300 0.000143636
2400 0.000123983
2500 0.000160867
2600 0.000179035
2700 0.00014793
2800 0.000147655
2900 0.000145974
3000 0.000169245
3100 0.00016008
3200 0.000156527
3300 0.000204519
3400 0.000184733
3500 0.000203766
3600 0.000187502
3700 0.000179105
3800 0.000204427
3900 0.000196425
4000 0.000204442
4100 0.0002412
4200 0.000277441
4300 0.000209441
4400 0.000217028
4500 0.000214121
4600 0.000217329
4700 0.000226798
4800 0.000265114
4900 0.000247172
5000 0.000237114
5100 0.000288172
5200 0.000279138
5300 0.000265593
5400 0.00026167
5500 0.000264558
5600 0.000299949
5700 0.000273355
5800 0.000273834
5900 0.000344868
6000 0.000290094
6100 0.000288978
6200 0.000343158
6300 0.000338915
6400 0.000382977
6500 0.00031727
6600 0.000336756
6700 0.000341376
6800 0.000320181
6900 0.000321947
7000 0.000331441
7100 0.000383694
7200 0.00033949
7300 0.00034589
7400 0.000390901
7500 0.000441021
7600 0.0003898
7700 0.000440065
7800 0.000389883
7900 0.000372226
8000 0.000371495
8100 0.000382427
8200 0.000467315
8300 0.00039082
8400 0.000398094
8500 0.000435451
8600 0.000404969
8700 0.00053067
8800 0.000425693
8900 0.000446793
9000 0.000441354
9100 0.000422844
9200 0.000538985
9300 0.000465163
9400 0.00046449
9500 0.000452549
9600 0.000442911
9700 0.000542773
9800 0.000529901
9900 0.0004855
10000 0.000467333
10100 0.000468734
10200 0.000532435
10300 0.00053546
10400 0.000485125
10500 0.000492957
10600 0.000534225
10700 0.000581817
10800 0.000563647
10900 0.000532922
11000 0.000517851
11100 0.000603957
11200 0.000512159
11300 0.000518274
11400 0.000612141
11500 0.000658249
11600 0.000536702
11700 0.000539728
11800 0.000564838
11900 0.000625647
12000 0.000702655
12100 0.000607132
12200 0.000559626
12300 0.000609559
12400 0.00059191
12500 0.000597076
12600 0.000563127
12700 0.00062266
12800 0.00065456
12900 0.0006419
13000 0.000692797
13100 0.000663686
13200 0.000638131
13300 0.000765533
13400 0.00065575
13500 0.000640174
13600 0.000691043
13700 0.000673553
13800 0.000741769
13900 0.000671495
14000 0.000690322
14100 0.000664019
14200 0.000734997
14300 0.000679496
14400 0.000668757
14500 0.000729448
14600 0.000737444
14700 0.000692832
14800 0.000804372
14900 0.00074169
15000 0.000728122
15100 0.000699552
15200 0.000733554
15300 0.0008101
15400 0.000705513
15500 0.000721672
15600 0.000727266
15700 0.000734776
15800 0.000820978
15900 0.000767199
16000 0.000777614
16100 0.000742501
16200 0.000859787
16300 0.00075867
16400 0.00080604
16500 0.000819655
16600 0.000845552
16700 0.000811702
16800 0.000836862
16900 0.000820368
17000 0.000768517
17100 0.000828063
17200 0.000901936
17300 0.000808064
17400 0.000805869
17500 0.000869479
17600 0.000844101
17700 0.000813538
17800 0.000900882
17900 0.000832456
18000 0.000960624
18100 0.000894609
18200 0.000929425
18300 0.000956517
18400 0.000915747
18500 0.000989356
18600 0.000892175
18700 0.000937882
18800 0.000848413
18900 0.000874261
19000 0.00102212
19100 0.000891046
19200 0.00106387
19300 0.000968914
19400 0.000971312
19500 0.000926705
19600 0.000950902
19700 0.000966149
19800 0.000882444
19900 0.000991029
20000 0.000935148
20100 0.00100457
20200 0.000895307
20300 0.000907749
20400 0.00104997
20500 0.000968144
20600 0.000939562
20700 0.00108531
20800 0.000996939
20900 0.00107412
21000 0.00103593
21100 0.00100437
21200 0.00104608
21300 0.00100002
21400 0.00112461
21500 0.00116664
21600 0.00104035
21700 0.00109213
21800 0.00102202
21900 0.00111499
22000 0.0010525
22100 0.00105606
22200 0.00105612
22300 0.00104243
22400 0.00104066
22500 0.00110276
22600 0.00112627
22700 0.00108364
22800 0.00118341
22900 0.00107551
23000 0.00116119
23100 0.00110498
23200 0.00120579
23300 0.00116614
23400 0.00107663
23500 0.00122649
23600 0.00145861
23700 0.00109951
23800 0.00116176
23900 0.00111806
24000 0.00128242
24100 0.00117129
24200 0.0011065
24300 0.00127023
24400 0.00115973
24500 0.00118711
24600 0.00120409
24700 0.0011579
24800 0.00124722
24900 0.00112405
25000 0.00116082
25100 0.00141013
25200 0.00123281
25300 0.00128528
25400 0.00120657
25500 0.00122963
25600 0.00132428
25700 0.00119292
25800 0.00119555
25900 0.00128496
26000 0.00123949
26100 0.00135673
26200 0.00127299
26300 0.00130556
26400 0.00145987
26500 0.00139133
26600 0.00128881
26700 0.00129407
26800 0.00138264
26900 0.0012775
27000 0.00140073
27100 0.00136234
27200 0.00148915
27300 0.00128461
27400 0.00137046
27500 0.00138541
27600 0.00138331
27700 0.00135601
27800 0.00138708
27900 0.00124306
28000 0.00156725
28100 0.00126053
28200 0.00134149
28300 0.00149186
28400 0.00134081
28500 0.00143513
28600 0.00144348
28700 0.00158032
28800 0.00147738
28900 0.00138159
29000 0.00130801
29100 0.00139641
29200 0.00134301
29300 0.00137603
29400 0.00136569
29500 0.00158943
29600 0.00156842
29700 0.00138596
29800 0.00143483
29900 0.00146514
30000 0.00144013
30100 0.00156272
30200 0.00152512
30300 0.00142013
30400 0.00153492
30500 0.00164754
30600 0.00158901
30700 0.00146689
30800 0.00146704
30900 0.00168171
31000 0.00161328
31100 0.00151744
31200 0.00153024
31300 0.00151895
31400 0.00152246
31500 0.00163654
31600 0.00153899
31700 0.00168574
31800 0.00161323
31900 0.00150068
32000 0.00151861
32100 0.00171307
32200 0.00167397
32300 0.00149002
32400 0.00167292
32500 0.00164676
32600 0.00161737
32700 0.00163362
32800 0.00164611
32900 0.00170377
33000 0.00159142
33100 0.00181696
33200 0.0015678
33300 0.00166613
33400 0.00160767
33500 0.0016544
33600 0.00183127
33700 0.00160682
33800 0.00148195
33900 0.00170465
34000 0.00173072
34100 0.00174588
34200 0.00166036
34300 0.00165536
34400 0.00181807
34500 0.00179311
34600 0.00162607
34700 0.00164232
34800 0.00192843
34900 0.00170818
35000 0.0017349
35100 0.00161761
35200 0.00194016
35300 0.00182182
35400 0.00173623
35500 0.00173973
35600 0.00169364
35700 0.0018498
35800 0.00170121
35900 0.00168109
36000 0.00171776
36100 0.00176275
36200 0.00180445
36300 0.00186754
36400 0.00195824
36500 0.00178217
36600 0.0018974
36700 0.00191442
36800 0.00175889
36900 0.00186337
37000 0.00182812
37100 0.00179519
37200 0.00168758
37300 0.00202916
37400 0.00165121
37500 0.00198456
37600 0.00184804
37700 0.0017024
37800 0.00193601
37900 0.00180759
38000 0.00184879
38100 0.00219811
38200 0.00217105
38300 0.00197792
38400 0.0018449
38500 0.00192306
38600 0.00185675
38700 0.00192041
38800 0.00189041
38900 0.00191251
39000 0.00189719
39100 0.00196187
39200 0.00192759
39300 0.00187638
39400 0.00215065
39500 0.00212422
39600 0.00197031
39700 0.00185851
39800 0.00205794
39900 0.00191628
40000 0.00190132
40100 0.00205093
40200 0.0020898
40300 0.00191032
40400 0.00192619
40500 0.00201073
40600 0.00205298
40700 0.00197412
40800 0.00191573
40900 0.00227533
41000 0.00226874
41100 0.0020906
41200 0.0018706
41300 0.00211571
41400 0.00209067
41500 0.00197248
41600 0.00204989
41700 0.00206011
41800 0.00203643
41900 0.0020949
42000 0.00223021
42100 0.00205286
42200 0.0019649
42300 0.00203155
42400 0.00200766
42500 0.00203616
42600 0.00201194
42700 0.0022552
42800 0.0021702
42900 0.00208356
43000 0.00208134
43100 0.0020929
43200 0.00211533
43300 0.00211815
43400 0.00234597
43500 0.00222029
43600 0.00215572
43700 0.00205997
43800 0.0022657
43900 0.00220082
44000 0.00208956
44100 0.00227862
44200 0.00215971
44300 0.00220416
44400 0.00202086
44500 0.00226681
44600 0.00215588
44700 0.00222724
44800 0.00231242
44900 0.00256144
45000 0.00225547
45100 0.00232809
45200 0.00205256
45300 0.00224367
45400 0.00216094
45500 0.00230167
45600 0.00202933
45700 0.00219904
45800 0.00248458
45900 0.002324
46000 0.00222105
46100 0.00225484
46200 0.00234785
46300 0.00218066
46400 0.00243518
46500 0.00232957
46600 0.00232925
46700 0.0021748
46800 0.00228331
46900 0.00217574
47000 0.00229025
47100 0.00223282
47200 0.00243404
47300 0.00236122
47400 0.00219489
47500 0.00226285
47600 0.00233776
47700 0.00227546
47800 0.00228542
47900 0.00226672
48000 0.00227986
48100 0.00227822
48200 0.00264851
48300 0.00228473
48400 0.00246754
48500 0.00251179
48600 0.00263655
48700 0.00231213
48800 0.00228532
48900 0.00249786
49000 0.00248178
49100 0.00231738
49200 0.00246981
49300 0.00233343
49400 0.00243263
49500 0.00243283
49600 0.00257197
49700 0.00232228
49800 0.00241366
49900 0.00230452
50000 0.002403
50100 0.00234564
50200 0.00268978
50300 0.00255959
50400 0.00252179
50500 0.0025205
50600 0.00247212
50700 0.00240103
50800 0.00253119
50900 0.00252983
51000 0.00233314
51100 0.00250043
51200 0.00261583
51300 0.00252604
51400 0.00238451
51500 0.00267664
51600 0.00242449
51700 0.00238091
51800 0.00248062
51900 0.00253478
52000 0.00240055
52100 0.00254669
52200 0.0024487
52300 0.00243254
52400 0.00245031
52500 0.00252691
52600 0.00238464
52700 0.00254147
52800 0.00285905
52900 0.00250022
53000 0.00258207
53100 0.00261583
53200 0.00264866
53300 0.00251373
53400 0.00271321
53500 0.00266506
53600 0.00267168
53700 0.00260847
53800 0.00261077
53900 0.00254434
54000 0.00267688
54100 0.00253892
54200 0.00252466
54300 0.00277727
54400 0.00253724
54500 0.00276749
54600 0.00250148
54700 0.00278509
54800 0.00257319
54900 0.00266672
55000 0.00284538
55100 0.00269192
55200 0.00263357
55300 0.00274063
55400 0.00262773
55500 0.00256994
55600 0.00279945
55700 0.0027057
55800 0.00271722
55900 0.00272463
56000 0.00281394
56100 0.00264465
56200 0.00293723
56300 0.00265746
56400 0.00270006
56500 0.00267735
56600 0.00292708
56700 0.00267679
56800 0.00281144
56900 0.00266139
57000 0.00271291
57100 0.0028643
57200 0.00294844
57300 0.00272789
57400 0.00288573
57500 0.00279876
57600 0.00280874
57700 0.00292092
57800 0.00282725
57900 0.00269306
58000 0.00299435
58100 0.00283234
58200 0.00284531
58300 0.00291942
58400 0.0027712
58500 0.00272804
58600 0.00293714
58700 0.00294891
58800 0.00282302
58900 0.00305371
59000 0.00280384
59100 0.00283027
59200 0.00301956
59300 0.00292886
59400 0.00296603
59500 0.00293083
59600 0.00294206
59700 0.00289727
59800 0.00318836
59900 0.00316609
60000 0.00283929
60100 0.00283467
60200 0.0027933
60300 0.00288072
60400 0.00320828
60500 0.00277329
60600 0.00303276
60700 0.00305145
60800 0.00284539
60900 0.00315017
61000 0.00287794
61100 0.00310415
61200 0.00314898
61300 0.00285545
61400 0.00313864
61500 0.00319431
61600 0.0028936
61700 0.00294056
61800 0.00288312
61900 0.00291711
62000 0.00315231
62100 0.00292578
62200 0.00301959
62300 0.00321955
62400 0.00315416
62500 0.0029357
62600 0.00316521
62700 0.0030226
62800 0.00309678
62900 0.00333084
63000 0.00305843
63100 0.0029621
63200 0.00301571
63300 0.00280397
63400 0.00309855
63500 0.00319309
63600 0.00294315
63700 0.00323403
63800 0.00310408
63900 0.003109
64000 0.00316612
64100 0.00300766
64200 0.00315983
64300 0.00321228
64400 0.00311483
64500 0.00312949
64600 0.00306154
64700 0.00311294
64800 0.00311802
64900 0.00299689
65000 0.00307386
65100 0.00336834
65200 0.00320668
65300 0.00316211
65400 0.00343844
65500 0.00288976
65600 0.00334049
65700 0.00347489
65800 0.00310526
65900 0.00307236
66000 0.00300754
66100 0.00327232
66200 0.00362899
66300 0.00342973
66400 0.00339993
66500 0.00310546
66600 0.00311637
66700 0.00304625
66800 0.00322317
66900 0.00319572
67000 0.00327319
67100 0.00304739
67200 0.00337556
67300 0.00364657
67400 0.00316414
67500 0.0034245
67600 0.00328377
67700 0.00324728
67800 0.00319506
67900 0.00335732
68000 0.00334053
68100 0.00350605
68200 0.003077
68300 0.00349046
68400 0.00316812
68500 0.00344471
68600 0.00374912
68700 0.00321661
68800 0.00355507
68900 0.00356809
69000 0.0033852
69100 0.00338785
69200 0.00345333
69300 0.00385145
69400 0.00377611
69500 0.00338548
69600 0.00377103
69700 0.00349808
69800 0.00334686
69900 0.00344216
70000 0.00340225
70100 0.00356245
70200 0.00339568
70300 0.00338426
70400 0.00336514
70500 0.00360623
70600 0.00365854
70700 0.00363656
70800 0.00348376
70900 0.00343604
71000 0.00332868
71100 0.00363318
71200 0.00350035
71300 0.00338173
71400 0.00323189
71500 0.00356937
71600 0.00344977
71700 0.00338239
71800 0.00410897
71900 0.00336011
72000 0.00334451
72100 0.00352581
72200 0.00341372
72300 0.00347406
72400 0.00332862
72500 0.00414173
72600 0.00360852
72700 0.00349234
72800 0.00358267
72900 0.0035179
73000 0.00330859
73100 0.00365543
73200 0.00353516
73300 0.00393148
73400 0.00370516
73500 0.00336022
73600 0.00362411
73700 0.0037742
73800 0.00345516
73900 0.00363615
74000 0.00353307
74100 0.00364767
74200 0.00397596
74300 0.00371417
74400 0.00359942
74500 0.00361142
74600 0.00380071
74700 0.00366073
74800 0.00354038
74900 0.00384462
75000 0.00368537
75100 0.00371902
75200 0.00350882
75300 0.00336918
75400 0.00386363
75500 0.00353823
75600 0.00373886
75700 0.00363161
75800 0.00350189
75900 0.003954
76000 0.00376921
76100 0.00406893
76200 0.00394378
76300 0.00366201
76400 0.00386787
76500 0.00363154
76600 0.00405762
76700 0.00358929
76800 0.00395366
76900 0.00356284
77000 0.00359118
77100 0.00387017
77200 0.00362814
77300 0.00381074
77400 0.0037288
77500 0.00377619
77600 0.00393253
77700 0.00406623
77800 0.00406222
77900 0.00359847
78000 0.00381135
78100 0.00399197
78200 0.00355014
78300 0.00403137
78400 0.00372293
78500 0.00386414
78600 0.0034804
78700 0.00385779
78800 0.00412211
78900 0.00369848
79000 0.00396418
79100 0.00383711
79200 0.0039448
79300 0.00403432
79400 0.00375618
79500 0.00404471
79600 0.00400708
79700 0.0040294
79800 0.0040809
79900 0.00376003
80000 0.00400843
80100 0.00410952
80200 0.00398438
80300 0.00380974
80400 0.0038498
80500 0.00465025
80600 0.00393362
80700 0.00429632
80800 0.00401058
80900 0.00385462
81000 0.00389064
81100 0.00391151
81200 0.00401381
81300 0.00390924
81400 0.00405296
81500 0.00430334
81600 0.00430805
81700 0.00381025
81800 0.00386979
81900 0.00425493
82000 0.00452387
82100 0.00490191
82200 0.00395955
82300 0.00436474
82400 0.0040158
82500 0.00445224
82600 0.00424242
82700 0.00416192
82800 0.00450427
82900 0.00437087
83000 0.00445349
83100 0.00440541
83200 0.00452113
83300 0.00421583
83400 0.00442558
83500 0.0042469
83600 0.00411963
83700 0.00432635
83800 0.00442199
83900 0.00433329
84000 0.00416342
84100 0.00464794
84200 0.00428165
84300 0.00469713
84400 0.00410612
84500 0.00430002
84600 0.00394376
84700 0.00438181
84800 0.00438162
84900 0.00417431
85000 0.00487863
85100 0.0043545
85200 0.00494746
85300 0.00402193
85400 0.00458371
85500 0.00431453
85600 0.0045046
85700 0.00465243
85800 0.00466852
85900 0.00431572
86000 0.0043138
86100 0.00491319
86200 0.00454956
86300 0.00456003
86400 0.00440787
86500 0.00462609
86600 0.00432895
86700 0.00471912
86800 0.004734
86900 0.00433832
87000 0.00450254
87100 0.00473972
87200 0.00453904
87300 0.00446687
87400 0.00509348
87500 0.00470144
87600 0.00422436
87700 0.00420758
87800 0.00500361
87900 0.00445592
88000 0.00462716
88100 0.00435436
88200 0.00489926
88300 0.00433511
88400 0.00478923
88500 0.00470647
88600 0.00465918
88700 0.00441563
88800 0.00437384
88900 0.00479543
89000 0.00450417
89100 0.00493067
89200 0.0048718
89300 0.00453501
89400 0.00436855
89500 0.00450481
89600 0.00446938
89700 0.00471839
89800 0.00461104
89900 0.00480135
90000 0.00438473
90100 0.0049338
90200 0.0043432
90300 0.00449297
90400 0.00492473
90500 0.00441306
90600 0.00513468
90700 0.0044906
90800 0.00492798
90900 0.00492353
91000 0.00469798
91100 0.00431474
91200 0.00489381
91300 0.00449441
91400 0.00485872
91500 0.00444802
91600 0.00488521
91700 0.00461654
91800 0.00508865
91900 0.00542019
92000 0.00518501
92100 0.00480918
92200 0.00514623
92300 0.00436343
92400 0.00481619
92500 0.00560006
92600 0.00524051
92700 0.00524157
92800 0.00484751
92900 0.0050135
93000 0.00491294
93100 0.00500687
93200 0.00490194
93300 0.00468447
93400 0.00488655
93500 0.00467842
93600 0.004804
93700 0.00479531
93800 0.00510905
93900 0.00456438
94000 0.00456443
94100 0.00490925
94200 0.00525149
94300 0.00488261
94400 0.00466839
94500 0.00471414
94600 0.00460858
94700 0.00539333
94800 0.00483915
94900 0.00465251
95000 0.00464742
95100 0.00520128
95200 0.00498183
95300 0.0049177
95400 0.00494738
95500 0.00513777
95600 0.00460562
95700 0.00486086
95800 0.00446922
95900 0.00504075
96000 0.00496724
96100 0.0050881
96200 0.00435161
96300 0.0048804
96400 0.00449384
96500 0.00550185
96600 0.00461458
96700 0.00504975
96800 0.00499346
96900 0.00489115
97000 0.00469391
97100 0.00471983
97200 0.00468069
97300 0.00492238
97400 0.00454997
97500 0.0051898
97600 0.00466136
97700 0.00502238
97800 0.00461683
97900 0.0047817
98000 0.00479738
98100 0.0048433
98200 0.00505586
98300 0.0048072
98400 0.00469596
98500 0.00475261
98600 0.00492614
98700 0.0049004
98800 0.00462145
98900 0.0045693
99000 0.00485769
99100 0.00450372
99200 0.00451571
99300 0.00450307
99400 0.00484909
99500 0.00464746
99600 0.00505049
99700 0.00517098
99800 0.00515807
99900 0.00481435
100000 0.00508924
100100 0.00465124
100200 0.00500653
100300 0.00486361
100400 0.00509193
100500 0.00486407
100600 0.00548031
100700 0.00478115
100800 0.00537493
100900 0.00469437
101000 0.00498293
101100 0.00485951
101200 0.00493587
101300 0.00486089
101400 0.00513766
101500 0.00527045
101600 0.00556495
101700 0.00502702
101800 0.0049941
101900 0.00488431
102000 0.00514725
102100 0.00482127
102200 0.00513958
102300 0.00482512
102400 0.00514914
102500 0.00518979
102600 0.00507762
102700 0.00475202
102800 0.00528995
102900 0.00524158
103000 0.00490892
103100 0.00475279
103200 0.00529124
103300 0.00524266
103400 0.00520793
103500 0.0048313
103600 0.00478024
103700 0.00509549
103800 0.00549004
103900 0.00480743
104000 0.00510184
104100 0.00504861
104200 0.00497182
104300 0.00497249
104400 0.00574409
104500 0.00590906
104600 0.00523561
104700 0.00527489
104800 0.00527088
104900 0.00552001
105000 0.00473231
105100 0.00539992
105200 0.00483939
105300 0.00546703
105400 0.00503454
105500 0.00525578
105600 0.0048978
105700 0.00544673
105800 0.00505607
105900 0.00501733
106000 0.00494274
106100 0.00538541
106200 0.005257
106300 0.00520804
106400 0.00490479
106500 0.00535731
106600 0.0056954
106700 0.00524319
106800 0.00542943
106900 0.00505934
107000 0.00499195
107100 0.00480706
107200 0.0052816
107300 0.005139
107400 0.00544439
107500 0.00521933
107600 0.00518156
107700 0.00517124
107800 0.00505427
107900 0.00491882
108000 0.00538245
108100 0.00581639
108200 0.00516527
108300 0.00508094
108400 0.00506385
108500 0.00472976
108600 0.00540269
108700 0.00488791
108800 0.00546547
108900 0.00496479
109000 0.00499454
109100 0.00537747
109200 0.00496637
109300 0.00546064
109400 0.00505311
109500 0.00515046
109600 0.00481664
109700 0.00554482
109800 0.00501282
109900 0.00528911
110000 0.00523767
110100 0.00533193
110200 0.00504126
110300 0.00523527
110400 0.00536209
110500 0.00534215
110600 0.00558948
110700 0.00520773
110800 0.00497527
110900 0.00519326
111000 0.00508953
111100 0.00543049
111200 0.00504049
111300 0.00537653
111400 0.00570677
111500 0.00605037
111600 0.00588941
111700 0.00513622
111800 0.00537315
111900 0.00498113
112000 0.00558343
112100 0.00496352
112200 0.00519108
112300 0.00542446
112400 0.00576337
112500 0.00514477
112600 0.00528892
112700 0.00543462
112800 0.00508615
112900 0.00557287
113000 0.00536151
113100 0.00580125
113200 0.00516172
113300 0.00603755
113400 0.0060932
113500 0.00501061
113600 0.0049796
113700 0.00590091
113800 0.0053239
113900 0.00542565
114000 0.00543836
114100 0.00524865
114200 0.00551145
114300 0.00667424
114400 0.00568851
114500 0.00515731
114600 0.00504985
114700 0.00623743
114800 0.00533193
114900 0.00557519
115000 0.00560765
115100 0.00578812
115200 0.00548591
115300 0.00593349
115400 0.00532527
115500 0.00540642
115600 0.00550877
115700 0.0052988
115800 0.00558192
115900 0.0049928
116000 0.00577661
116100 0.00528462
116200 0.0056403
116300 0.00552122
116400 0.00566753
116500 0.00527523
116600 0.00568222
116700 0.0054171
116800 0.0052748
116900 0.0054649
117000 0.00534358
117100 0.00572279
117200 0.00532034
117300 0.00575091
117400 0.00539059
117500 0.00552785
117600 0.00508456
117700 0.00591891
117800 0.00528095
117900 0.0056219
118000 0.0054817
118100 0.00538386
118200 0.00591879
118300 0.00540519
118400 0.00587072
118500 0.00554321
118600 0.00594472
118700 0.00547013
118800 0.0055024
118900 0.00547929
119000 0.00560781
119100 0.00581188
119200 0.00547042
119300 0.00573162
119400 0.00550906
119500 0.00593095
119600 0.00534381
119700 0.0058319
119800 0.00576851
119900 0.00636013
120000 0.0061298
120100 0.00542454
120200 0.005941
120300 0.00554616
120400 0.00598341
120500 0.00545343
120600 0.00540443
120700 0.00563398
120800 0.00659153
120900 0.00575916
121000 0.00549312
121100 0.00591286
121200 0.00593219
121300 0.00581595
121400 0.0062908
121500 0.00565803
121600 0.00626515
121700 0.00555093
121800 0.00558627
121900 0.00599224
122000 0.00558499
122100 0.00639711
122200 0.00538819
122300 0.00598717
122400 0.00558446
122500 0.00583439
122600 0.00550878
122700 0.00553038
122800 0.00600941
122900 0.00587657
123000 0.00589722
123100 0.00567225
123200 0.00619942
123300 0.00576702
123400 0.00579483
123500 0.0061408
123600 0.00550633
123700 0.00607153
123800 0.00568066
123900 0.00639867
124000 0.00618783
124100 0.005548
124200 0.00621471
124300 0.00567469
124400 0.006232
124500 0.00624754
124600 0.00590086
124700 0.00689818
124800 0.00590913
124900 0.00623222
125000 0.00578169
125100 0.00553686
125200 0.00611635
125300 0.00594369
125400 0.00620983
125500 0.00651283
125600 0.00567221
125700 0.00586139
125800 0.0057197
125900 0.00648459
126000 0.00686232
126100 0.00556055
126200 0.00633036
126300 0.00640129
126400 0.00604794
126500 0.00558604
126600 0.00596805
126700 0.00602308
126800 0.00591175
126900 0.00635394
127000 0.00632272
127100 0.00580206
127200 0.00602811
127300 0.00578444
127400 0.00604916
127500 0.00592029
127600 0.00631721
127700 0.00567316
127800 0.00611723
127900 0.00581445
128000 0.00601944
128100 0.00618763
128200 0.00582325
128300 0.00609915
128400 0.00571689
128500 0.00595277
128600 0.00632224
128700 0.00666747
128800 0.00657166
128900 0.0063095
129000 0.00630582
129100 0.0059393
129200 0.00618841
129300 0.00644279
129400 0.00587265
129500 0.00586938
129600 0.00678456
129700 0.00697463
129800 0.0061135
129900 0.00608688
130000 0.00624845
130100 0.00650835
130200 0.00604794
130300 0.00599912
130400 0.00592578
130500 0.00645305
130600 0.00701628
130700 0.00574064
130800 0.00604138
130900 0.00678966
131000 0.00595834
131100 0.00614818
131200 0.00592028
131300 0.0064626
131400 0.00688705
131500 0.00590107
131600 0.00634353
131700 0.00599478
131800 0.00566236
131900 0.00666506
132000 0.00604269
132100 0.00646119
132200 0.00653558
132300 0.00639378
132400 0.00629158
132500 0.00683896
132600 0.00622603
132700 0.00660214
132800 0.00601492
132900 0.00666718
133000 0.00604436
133100 0.00602647
133200 0.00650273
133300 0.00584118
133400 0.00610821
133500 0.00606585
133600 0.00649835
133700 0.00667342
133800 0.00595111
133900 0.00654276
134000 0.00588597
134100 0.00642235
134200 0.00634296
134300 0.00604148
134400 0.00635799
134500 0.00671731
134600 0.00705495
134700 0.00669927
134800 0.00690284
134900 0.00612283
135000 0.00632047
135100 0.00603337
135200 0.00675505
135300 0.00615878
135400 0.00628858
135500 0.00650454
135600 0.00635842
135700 0.00748668
135800 0.00648507
135900 0.00615287
136000 0.00634469
136100 0.00667771
136200 0.00631235
136300 0.00675685
136400 0.00618904
136500 0.00675953
136600 0.00658555
136700 0.00590965
136800 0.00646024
136900 0.00649819
137000 0.00602425
137100 0.00658343
137200 0.00666622
137300 0.00635817
137400 0.00694114
137500 0.0062759
137600 0.00642718
137700 0.00671162
137800 0.00650688
137900 0.00690986
138000 0.00625826
138100 0.00631658
138200 0.00655412
138300 0.00669881
138400 0.00661039
138500 0.00687689
138600 0.00625195
138700 0.00685175
138800 0.0062818
138900 0.00663595
139000 0.00663644
139100 0.00633964
139200 0.00748473
139300 0.00679408
139400 0.00689445
139500 0.00623011
139600 0.00695291
139700 0.00656696
139800 0.0067355
139900 0.00720529
140000 0.00618644
140100 0.00665793
140200 0.0065385
140300 0.00742601
140400 0.00673358
140500 0.00658524
140600 0.00614096
140700 0.0070344
140800 0.00662429
140900 0.00670475
141000 0.00734831
141100 0.00626746
141200 0.00644404
141300 0.00697453
141400 0.00642617
141500 0.00626003
141600 0.00718063
141700 0.00709975
141800 0.00717096
141900 0.00728096
142000 0.00687711
142100 0.00721382
142200 0.00798009
142300 0.00827229
142400 0.00627981
142500 0.0070007
142600 0.00671032
142700 0.00731783
142800 0.00706575
142900 0.00686855
143000 0.00664291
143100 0.00646308
143200 0.00707076
143300 0.00664278
143400 0.00725773
143500 0.00676575
143600 0.00753241
143700 0.00668038
143800 0.00680474
143900 0.0068098
144000 0.00727763
144100 0.00669267
144200 0.00694772
144300 0.0072958
144400 0.00646877
144500 0.0071319
144600 0.00697107
144700 0.00660631
144800 0.00747766
144900 0.00674874
145000 0.00678677
145100 0.00723139
145200 0.00745402
145300 0.006861
145400 0.0076916
145500 0.00696736
145600 0.00664899
145700 0.00739883
145800 0.0069536
145900 0.0065552
146000 0.00723123
146100 0.00664823
146200 0.00658581
146300 0.00719599
146400 0.00649096
146500 0.0071011
146600 0.00739302
146700 0.00730069
146800 0.00720531
146900 0.00716059
147000 0.00694556
147100 0.00672455
147200 0.00728502
147300 0.00724924
147400 0.00739363
147500 0.00793652
147600 0.0079045
147700 0.00699094
147800 0.00780521
147900 0.00747817
148000 0.00727541
148100 0.00732948
148200 0.00754506
148300 0.00713665
148400 0.0078217
148500 0.00753956
148600 0.00722798
148700 0.00810427
148800 0.00766108
148900 0.00850891
149000 0.00713609
149100 0.00884547
149200 0.00749814
149300 0.00732454
149400 0.00693689
149500 0.00747371
149600 0.00749456
149700 0.00716846
149800 0.00755185
149900 0.0072122
150000 0.00752395
150100 0.0077217
150200 0.00759502
150300 0.00722093
150400 0.00761951
150500 0.00836172
150600 0.00817268
150700 0.0072088
150800 0.00745938
150900 0.00720976
151000 0.00809698
151100 0.00796082
151200 0.00790435
151300 0.00739056
151400 0.00717451
151500 0.00799268
151600 0.0073683
151700 0.00813591
151800 0.00758863
151900 0.00729019
152000 0.00754349
152100 0.00793471
152200 0.00775097
152300 0.00736704
152400 0.00887717
152500 0.00768658
152600 0.00722431
152700 0.00792603
152800 0.00838907
152900 0.00782722
153000 0.0072109
153100 0.00796443
153200 0.00779345
153300 0.00730015
153400 0.0073654
153500 0.00779989
153600 0.00738859
153700 0.0071808
153800 0.00825537
153900 0.00772153
154000 0.00722281
154100 0.00791198
154200 0.00777433
154300 0.00716688
154400 0.00815231
154500 0.00778383
154600 0.00821589
154700 0.00765458
154800 0.00739374
154900 0.00828715
155000 0.00766443
155100 0.00822175
155200 0.00779604
155300 0.00782459
155400 0.00803838
155500 0.00862766
155600 0.0082387
155700 0.00762387
155800 0.00777781
155900 0.00770696
156000 0.00699453
156100 0.00742672
156200 0.00785761
156300 0.00763605
156400 0.00691257
156500 0.00791155
156600 0.00775751
156700 0.00705885
156800 0.00750927
156900 0.0074862
157000 0.00725675
157100 0.00802622
157200 0.00752112
157300 0.00729681
157400 0.00727994
157500 0.00764448
157600 0.00760116
157700 0.00701387
157800 0.00769156
157900 0.00756684
158000 0.00706896
158100 0.00730879
158200 0.0074175
158300 0.00747032
158400 0.00736064
158500 0.00770652
158600 0.00728666
158700 0.007709
158800 0.00729499
158900 0.00762286
159000 0.00782944
159100 0.00724428
159200 0.00699534
159300 0.00775557
159400 0.00742156
159500 0.00712976
159600 0.00764149
159700 0.00770222
159800 0.00756261
159900 0.00758114
160000 0.00788471
160100 0.00735617
160200 0.00761
160300 0.00841148
160400 0.00743243
160500 0.0069438
160600 0.00806282
160700 0.00823668
160800 0.00729236
160900 0.00757163
161000 0.00745389
161100 0.00731569
161200 0.00732103
161300 0.00807574
161400 0.00794297
161500 0.00721684
161600 0.00754281
161700 0.0075995
161800 0.00730459
161900 0.00714379
162000 0.00792171
162100 0.00756865
162200 0.00753228
162300 0.00904471
162400 0.00772574
162500 0.0075572
162600 0.00792505
162700 0.00818412
162800 0.00758019
162900 0.00716018
163000 0.00790298
163100 0.00776792
163200 0.00781183
163300 0.00752665
163400 0.00833108
163500 0.00775805
163600 0.00774366
163700 0.00756325
163800 0.00791275
163900 0.00793078
164000 0.00756275
164100 0.00880439
164200 0.0079315
164300 0.00757378
164400 0.00773194
164500 0.00792884
164600 0.00809456
164700 0.00743245
164800 0.00749636
164900 0.00800052
165000 0.00792789
165100 0.00758804
165200 0.00811598
165300 0.00833256
165400 0.00774803
165500 0.00753446
165600 0.00815227
165700 0.00873609
165800 0.00809017
165900 0.00765662
166000 0.00818417
166100 0.00796357
166200 0.00780273
166300 0.00816628
166400 0.00840201
166500 0.00789813
166600 0.00758578
166700 0.00773391
166800 0.00945726
166900 0.00854724
167000 0.00761446
167100 0.00787403
167200 0.00795418
167300 0.0084151
167400 0.00749833
167500 0.00749713
167600 0.00796326
167700 0.00798326
167800 0.00811208
167900 0.00780092
168000 0.00844153
168100 0.00802915
168200 0.00831189
168300 0.00850639
168400 0.00803776
168500 0.00767262
168600 0.00838323
168700 0.00842721
168800 0.00855094
168900 0.00848715
169000 0.00830058
169100 0.00914844
169200 0.0105853
169300 0.00903408
169400 0.00857223
169500 0.00740351
169600 0.00824053
169700 0.00821054
169800 0.00830718
169900 0.00785957
170000 0.00838556
170100 0.0079825
170200 0.00825182
170300 0.00787381
170400 0.00807355
170500 0.0085331
170600 0.00815806
170700 0.00769011
170800 0.00908759
170900 0.00844203
171000 0.00902849
171100 0.00789481
171200 0.00847943
171300 0.00811592
171400 0.00864887
171500 0.00799787
171600 0.00788644
171700 0.00839535
171800 0.00883362
171900 0.00817957
172000 0.00806116
172100 0.0100241
172200 0.00863373
172300 0.00850717
172400 0.00794539
172500 0.00831101
172600 0.0088603
172700 0.00828176
172800 0.00858955
172900 0.00820842
173000 0.00813165
173100 0.00809861
173200 0.00883745
173300 0.00769619
173400 0.00866284
173500 0.00838212
173600 0.00856032
173700 0.00815099
173800 0.00759256
173900 0.00839525
174000 0.00817245
174100 0.00837586
174200 0.00812318
174300 0.0089818
174400 0.00817205
174500 0.00842086
174600 0.00864691
174700 0.0089602
174800 0.00839655
174900 0.00843519
175000 0.00844681
175100 0.00860545
175200 0.00846371
175300 0.00873321
175400 0.00795483
175500 0.00866009
175600 0.00832368
175700 0.00833659
175800 0.0081671
175900 0.00895092
176000 0.00823212
176100 0.00841202
176200 0.00876061
176300 0.00823677
176400 0.00797647
176500 0.0105035
176600 0.00893829
176700 0.00810684
176800 0.00905254
176900 0.00832959
177000 0.00848262
177100 0.0089817
177200 0.0084989
177300 0.00849287
177400 0.00806754
177500 0.00867598
177600 0.0103524
177700 0.00824445
177800 0.00845533
177900 0.00794912
178000 0.00911909
178100 0.00864253
178200 0.00822906
178300 0.00843094
178400 0.00815218
178500 0.00830629
178600 0.00798538
178700 0.00852149
178800 0.00817058
178900 0.00858756
179000 0.00835758
179100 0.00820902
179200 0.00815044
179300 0.00869488
179400 0.00854818
179500 0.00924118
179600 0.00854273
179700 0.00909349
179800 0.0092129
179900 0.00876483
180000 0.00839266
180100 0.00857762
180200 0.00895142
180300 0.00870549
180400 0.00848077
180500 0.00789191
180600 0.00881471
180700 0.00884975
180800 0.00904378
180900 0.00868078
181000 0.00829886
181100 0.00845946
181200 0.00934613
181300 0.00838902
181400 0.00880763
181500 0.00840648
181600 0.0083551
181700 0.00862465
181800 0.00856196
181900 0.00815402
182000 0.00879663
182100 0.00925931
182200 0.00834083
182300 0.00858981
182400 0.00833502
182500 0.00918753
182600 0.00873455
182700 0.008329
182800 0.00863616
182900 0.00830358
183000 0.00830455
183100 0.00928554
183200 0.00899038
183300 0.00853108
183400 0.00825871
183500 0.0086268
183600 0.00896975
183700 0.00896044
183800 0.00839814
183900 0.00768449
184000 0.00940341
184100 0.00852666
184200 0.00911926
184300 0.00843665
184400 0.00846813
184500 0.0095507
184600 0.00856882
184700 0.0088537
184800 0.00842668
184900 0.00824705
185000 0.00865639
185100 0.00836591
185200 0.00903497
185300 0.00835469
185400 0.00840041
185500 0.00881392
185600 0.00895544
185700 0.00946961
185800 0.00839145
185900 0.00829222
186000 0.00941462
186100 0.0101286
186200 0.0087064
186300 0.00833172
186400 0.00840546
186500 0.00943489
186600 0.00995728
186700 0.0117764
186800 0.00898917
186900 0.00852291
187000 0.00907406
187100 0.00861249
187200 0.00885604
187300 0.0102152
187400 0.00905659
187500 0.00852766
187600 0.00915319
187700 0.00896699
187800 0.00891808
187900 0.00860122
188000 0.0091225
188100 0.00911841
188200 0.00921465
188300 0.00892704
188400 0.00889062
188500 0.0100185
188600 0.00920488
188700 0.00936482
188800 0.00880252
188900 0.00864928
189000 0.00959365
189100 0.0100085
189200 0.00924815
189300 0.00901874
189400 0.00926226
189500 0.00837641
189600 0.00913763
189700 0.0094184
189800 0.00936279
189900 0.00998507
190000 0.00919685
190100 0.00890773
190200 0.0086079
190300 0.00893172
190400 0.00931273
190500 0.00931636
190600 0.00927379
190700 0.00851715
190800 0.00957672
190900 0.00904337
191000 0.010378
191100 0.00950295
191200 0.00929913
191300 0.00862269
191400 0.00962893
191500 0.00927522
191600 0.00927057
191700 0.0090293
191800 0.00930402
191900 0.00887776
192000 0.00879501
192100 0.0101792
192200 0.00920857
192300 0.00927482
192400 0.00957595
192500 0.00893977
192600 0.00896438
192700 0.00904944
192800 0.00966715
192900 0.00949153
193000 0.0101179
193100 0.00956531
193200 0.0090951
193300 0.0088826
193400 0.00911561
193500 0.00969687
193600 0.00906368
193700 0.00984132
193800 0.00882807
193900 0.00976274
194000 0.00904408
194100 0.00954435
194200 0.00940201
194300 0.00957804
194400 0.00931939
194500 0.00880552
194600 0.008602
194700 0.0100283
194800 0.00960936
194900 0.0093758
195000 0.00944809
195100 0.00917335
195200 0.00896942
195300 0.00904434
195400 0.00958628
195500 0.00947605
195600 0.0104665
195700 0.0096079
195800 0.00901094
195900 0.00976021
196000 0.00894628
196100 0.00990732
196200 0.00971159
196300 0.00996785
196400 0.00918722
196500 0.00996241
196600 0.00928043
196700 0.0100515
196800 0.0102026
196900 0.0100473
197000 0.0102383
197100 0.00959101
197200 0.00950241
197300 0.00957685
197400 0.00900392
197500 0.00937365
197600 0.00980996
197700 0.00970796
197800 0.00963289
197900 0.00953247
198000 0.00926104
198100 0.00911907
198200 0.0100614
198300 0.00995176
198400 0.00993624
198500 0.00984098
198600 0.00965983
198700 0.00945748
198800 0.00933276
198900 0.00969472
199000 0.00984399
199100 0.0113045
199200 0.0105904
199300 0.0095844
199400 0.00995256
199500 0.00961274
199600 0.00921637
199700 0.00920269
199800 0.00955123
199900 0.0110309
200000 0.00972878
