__OPTIM0__================================================


2018-10-28 10:59                                                        P치gina 1


0      1      2	     3	    4	   5	  6	 7	8      9      10
106428 102331 112542 104329 99570; 103805 101966 103520 103512 100841 103282
53887; 67319; 56633; 55179; 52117; 52161; 59186; 52339; 53624; 50037; 63926;
15920; 17101; 17280; 15008; 15515; 14930; 15928; 16281; 17100; 16239; 18586;
14533; 14845; 14192; 16344; 14807; 13853; 14316; 14645; 14776; 14415; 13751;
26477; 27393; 25358; 25684; 26969; 25456; 26877; 31634; 26852; 25836; 26074;
10994; 12771; 10249; 10377; 10681; 10344; 10947; 15144; 10104; 10558; 10343;
6435;  7813;  6043;  7813;  6108;  5995;  6424;	 6566;	6199;  6383;  6449;
1162;  1183;  1065;  1077;  1066;  1400;  1107;	 1117;	1122;  1170;  1088;
2539;  2440;  2195;  2271;  2384;  2268;  2248;	 2334;	2242;  2381;  2197;
1169;  1155;  1215;  1080;  1255;  1086;  1160;	 1324;	1075;  1090;  1059;






__OPTIMg__================================================


2018-10-28 10:59                                                        P치gina 1


0      1      2	     3	    4	   5	  6	 7	8      9      10
36433; 29018; 29287; 26958; 31630; 27464; 35305; 30845; 27399; 26943; 26846;
15257; 10208; 10493; 10353; 10585; 11005; 10592; 11055; 10828; 10573; 10195;
19835; 15998; 16052; 16421; 16342; 18976; 16032; 17478; 16327; 19654; 15900;
15566; 12378; 12514; 12367; 12327; 14281; 12226; 16874; 12559; 12878; 15203;
7086;  7305;  6724;  6763;  6937;  8820;  6760;	 6692;	6685;  7983;  6737;
3490;  3700;  3391;  3428;  3668;  4025;  3650;	 3595;	3446;  3618;  3747;
2009;  2156;  2169;  2050;  2047;  2227;  2025;	 1984;	1999;  2016;  1991;
548;   594;   529;   620;   545;   649;	  539;	 581;	523;   539;   517;
651;   649;   603;   605;   612;   670;	  613;	 614;	635;   611;   678;
424;   441;   441;   412;   414;   521;	  415;	 419;	408;   414;   410;






__OPTIM1__================================================


2018-10-28 10:59                                                        P치gina 1


0      1      2	     3	    4	   5	  6	 7	8      9      10
25668; 20012; 19196; 18378; 16680; 16493; 17669; 16601; 17501; 17033; 18151;
25524; 23610; 16678; 16199; 17597; 17587; 16442; 16004; 16876; 18889; 17288;
13332; 13264; 15340; 13090; 13665; 13859; 13075; 13095; 13307; 13259; 13931;
14811; 13187; 15849; 12707; 15602; 13621; 14677; 15780; 15475; 13767; 16062;
7570;  9090;  7124;  7339;  7255;  7098;  7701;	 7088;	7823;  7299;  7721;
3591;  4054;  3407;  3502;  3426;  4162;  3684;	 3437;	3689;  3506;  3685;
1897;  1970;  1911;  1852;  2062;  2617;  1825;	 1904;	2060;  2006;  1977;
524;   554;   614;   527;   537;   1849;  711;	 620;	587;   559;   566;
599;   612;   678;   661;   604;   703;	  675;	 673;	703;   602;   607;
404;   453;   420;   415;   407;   450;	  455;	 416;	456;   411;   405;






__OPTIM2__================================================


2018-10-28 10:59                                                        P치gina 1


0      1      2	     3	    4	   5	  6	 7	8      9      10
19070; 16628; 17209; 17090; 16852; 16641; 16614; 17258; 16623; 17156; 17660;
10106; 10077; 11959; 10276; 10074; 10108; 11763; 11753; 10260; 15957; 10283;
12878; 13024; 12966; 13514; 13749; 13501; 13454; 13629; 12718; 13843; 12966;
12234; 14219; 12289; 13617; 12048; 13383; 13211; 12366; 14178; 13561; 12433;
5521;  6954;  5553;  5733;  5653;  5865;  5931;	 5788;	6243;  5497;  5665;
3030;  3063;  3168;  3057;  3007;  3038;  3230;	 3124;	3223;  3046;  3218;
1774;  1882;  1768;  1734;  1739;  1762;  1862;	 1727;	2081;  1982;  1772;
586;   579;   507;   501;   509;   564;	  566;	 526;	623;   554;   513;
807;   836;   788;   820;   834;   857;	  898;	 842;	1063;  820;   830;
417;   423;   404;   412;   410;   440;	  526;	 447;	917;   405;   409;






