100 2.961e-06
200 5.572e-06
300 7.483e-06
400 1.0859e-05
500 1.0771e-05
600 1.3906e-05
700 1.7267e-05
800 2.0668e-05
900 1.9611e-05
1000 2.082e-05
1100 2.4161e-05
1200 2.7181e-05
1300 3.109e-05
1400 3.4201e-05
1500 3.7577e-05
1600 4.0355e-05
1700 3.9782e-05
1800 3.9533e-05
1900 4.0526e-05
2000 4.2208e-05
2100 4.3274e-05
2200 4.7196e-05
2300 4.9485e-05
2400 5.3666e-05
2500 5.7642e-05
2600 6.0923e-05
2700 6.4225e-05
2800 6.7562e-05
2900 7.0146e-05
3000 7.3654e-05
3100 7.3503e-05
3200 7.8552e-05
3300 7.8762e-05
3400 7.8876e-05
3500 7.8137e-05
3600 7.9536e-05
3700 7.9035e-05
3800 8.0272e-05
3900 8.0784e-05
4000 8.1653e-05
4100 8.1775e-05
4200 8.5827e-05
4300 8.9284e-05
4400 9.3631e-05
4500 9.557e-05
4600 9.7458e-05
4700 0.000120815
4800 0.000104958
4900 0.000106572
5000 0.000113138
5100 0.000115671
5200 0.00012089
5300 0.000122283
5400 0.000125789
5500 0.000129568
5600 0.000132217
5700 0.000135153
5800 0.000137568
5900 0.000141779
6000 0.000144701
6100 0.000168702
6200 0.000145901
6300 0.000152611
6400 0.000148789
6500 0.000182085
6600 0.000164523
6700 0.00015672
6800 0.00015478
6900 0.000156259
7000 0.000157242
7100 0.00016116
7200 0.00015529
7300 0.000156909
7400 0.000157214
7500 0.000159856
7600 0.000158085
7700 0.000159334
7800 0.000160314
7900 0.000161687
8000 0.000156273
8100 0.000167296
8200 0.000158274
8300 0.000167642
8400 0.000171853
8500 0.000176488
8600 0.000173682
8700 0.000182556
8800 0.000184637
8900 0.00018394
9000 0.000188918
9100 0.000190641
9200 0.000195018
9300 0.000196893
9400 0.000202754
9500 0.000206273
9600 0.000208741
9700 0.000222028
9800 0.000216206
9900 0.000220058
10000 0.000242381
10100 0.000217408
10200 0.000232022
10300 0.000234858
10400 0.000238983
10500 0.000243873
10600 0.000244466
10700 0.00024647
10800 0.000250218
10900 0.000252337
11000 0.00025631
11100 0.000252346
11200 0.000270422
11300 0.000279454
11400 0.000272213
11500 0.000274633
11600 0.000277587
11700 0.000279482
11800 0.000283318
11900 0.000285413
12000 0.000287821
12100 0.000291781
12200 0.000303279
12300 0.000297366
12400 0.000308762
12500 0.000301754
12600 0.000303501
12700 0.000305239
12800 0.00030553
12900 0.000305036
13000 0.000306986
13100 0.000307982
13200 0.000309043
13300 0.000308581
13400 0.000313784
13500 0.00031493
13600 0.000350215
13700 0.000310864
13800 0.000343254
13900 0.000310187
14000 0.000309967
14100 0.000309519
14200 0.000309162
14300 0.000308516
14400 0.00030962
14500 0.000314571
14600 0.000314938
14700 0.000313376
14800 0.000313262
14900 0.000314566
15000 0.000344596
15100 0.000315496
15200 0.00031592
15300 0.000316736
15400 0.000318194
15500 0.000308853
15600 0.000319509
15700 0.000320584
15800 0.000320034
15900 0.000322554
16000 0.000311432
16100 0.000321545
16200 0.000346911
16300 0.000330021
16400 0.000324502
16500 0.000331957
16600 0.000330865
16700 0.000366374
16800 0.000358439
16900 0.000344786
17000 0.00035573
17100 0.000350493
17200 0.000343635
17300 0.000358675
17400 0.000364507
17500 0.000365329
17600 0.000357701
17700 0.000376926
17800 0.000549355
17900 0.000360289
18000 0.000372499
18100 0.000378246
18200 0.000379521
18300 0.000390872
18400 0.000372959
18500 0.000402447
18600 0.000406388
18700 0.000415881
18800 0.000414808
18900 0.000405877
19000 0.000409474
19100 0.00041624
19200 0.000422613
19300 0.000421561
19400 0.000425608
19500 0.000428465
19600 0.000430975
19700 0.000464945
19800 0.000439095
19900 0.000442734
20000 0.000452883
20100 0.000451629
20200 0.000453617
20300 0.00045745
20400 0.000462805
20500 0.000465901
20600 0.000467469
20700 0.000475
20800 0.000476433
20900 0.000478902
21000 0.000485084
21100 0.000485504
21200 0.000490909
21300 0.000494029
21400 0.000493385
21500 0.000500349
21600 0.000501044
21700 0.000506072
21800 0.000506417
21900 0.000509421
22000 0.000525823
22100 0.000517009
22200 0.000518077
22300 0.000521027
22400 0.000525948
22500 0.000527698
22600 0.000530164
22700 0.000534391
22800 0.000541305
22900 0.000544414
23000 0.000547203
23100 0.000554827
23200 0.000843417
23300 0.000555286
23400 0.000556189
23500 0.000557584
23600 0.000581539
23700 0.000548242
23800 0.00058088
23900 0.000575201
24000 0.000577089
24100 0.000590017
24200 0.000563998
24300 0.000585922
24400 0.000587417
24500 0.000607825
24600 0.000596138
24700 0.000630853
24800 0.000608676
24900 0.00059703
25000 0.000604249
25100 0.000642805
25200 0.000584976
25300 0.000584032
25400 0.000610627
25500 0.000606681
25600 0.000607871
25700 0.000609738
25800 0.000609464
25900 0.000616977
26000 0.000610702
26100 0.0006158
26200 0.000618007
26300 0.000612544
26400 0.000613809
26500 0.000592816
26600 0.0005984
26700 0.000616958
26800 0.000662902
26900 0.000616541
27000 0.000627715
27100 0.000620755
27200 0.000640555
27300 0.000623284
27400 0.000602701
27500 0.000619116
27600 0.000606987
27700 0.000648532
27800 0.000622101
27900 0.000620628
28000 0.000886938
28100 0.000623413
28200 0.000629773
28300 0.000624177
28400 0.000617831
28500 0.000618587
28600 0.000638746
28700 0.000617793
28800 0.000620816
28900 0.000620828
29000 0.000670579
29100 0.000623014
29200 0.000628891
29300 0.000632058
29400 0.000629447
29500 0.000629192
29600 0.000655211
29700 0.000645336
29800 0.000630153
29900 0.000630676
30000 0.000684756
30100 0.000642694
30200 0.000635111
30300 0.000631653
30400 0.000630518
30500 0.000671043
30600 0.0006306
30700 0.000631218
30800 0.000668851
30900 0.000630797
31000 0.00509121
31100 0.000639413
31200 0.000824542
31300 0.000643018
31400 0.000641738
31500 0.000643603
31600 0.000645313
31700 0.000642208
31800 0.000643075
31900 0.000645108
32000 0.000649317
32100 0.000650169
32200 0.000649716
32300 0.000649378
32400 0.000660761
32500 0.000651871
32600 0.000650303
32700 0.000649897
32800 0.000662182
32900 0.000661219
33000 0.000663819
33100 0.000662343
33200 0.000666404
33300 0.000973368
33400 0.00082582
33500 0.000675726
33600 0.00069692
33700 0.000682443
33800 0.000688913
33900 0.000689031
34000 0.000712599
34100 0.000726817
34200 0.00070615
34300 0.000709291
34400 0.000713169
34500 0.000711862
34600 0.000742777
34700 0.000733446
34800 0.000726189
34900 0.000726648
35000 0.000722812
35100 0.00076092
35200 0.000861893
35300 0.00073685
35400 0.000749497
35500 0.000787232
35600 0.000744248
35700 0.00113954
35800 0.000745406
35900 0.00076194
36000 0.000844358
36100 0.000750427
36200 0.000757066
36300 0.000758117
36400 0.000962478
36500 0.000775828
36600 0.000766278
36700 0.000768905
36800 0.000805992
36900 0.000773268
37000 0.000801448
37100 0.000789592
37200 0.000830741
37300 0.000789818
37400 0.000806249
37500 0.000798034
37600 0.000803839
37700 0.00080941
37800 0.000868794
37900 0.000864119
38000 0.000824941
38100 0.000823929
38200 0.000850692
38300 0.000856701
38400 0.000868689
38500 0.000888801
38600 0.000828331
38700 0.000838023
38800 0.000847
38900 0.00084845
39000 0.000860657
39100 0.000858316
39200 0.000870853
39300 0.00086716
39400 0.000874419
39500 0.000907063
39600 0.000876988
39700 0.000881334
39800 0.000881191
39900 0.000906762
40000 0.000892003
40100 0.000931811
40200 0.000897855
40300 0.000899006
40400 0.000906536
40500 0.000910507
40600 0.000976236
40700 0.000946645
40800 0.000923083
40900 0.00117153
41000 0.000931568
41100 0.000928425
41200 0.000944343
41300 0.000981269
41400 0.000945564
41500 0.000949708
41600 0.000957393
41700 0.000956671
41800 0.000955756
41900 0.000999297
42000 0.00101062
42100 0.000966728
42200 0.000966526
42300 0.000981256
42400 0.000977172
42500 0.000983542
42600 0.0010095
42700 0.0010011
42800 0.000998876
42900 0.00103094
43000 0.000995231
43100 0.00100134
43200 0.000997978
43300 0.00100202
43400 0.00100303
43500 0.00106247
43600 0.00103223
43700 0.00102544
43800 0.00102524
43900 0.00102045
44000 0.00103328
44100 0.00109785
44200 0.00103732
44300 0.00103434
44400 0.00103678
44500 0.00104943
44600 0.00105075
44700 0.00107624
44800 0.00104812
44900 0.00104315
45000 0.00105321
45100 0.00106246
45200 0.00110928
45300 0.00108598
45400 0.00109153
45500 0.00111263
45600 0.00107389
45700 0.00108334
45800 0.00108121
45900 0.00111572
46000 0.00110168
46100 0.00112608
46200 0.00111587
46300 0.00111246
46400 0.0019448
46500 0.00110792
46600 0.00112197
46700 0.00113265
46800 0.0011297
46900 0.00116487
47000 0.00115374
47100 0.00115651
47200 0.00111805
47300 0.00116273
47400 0.00119525
47500 0.00115734
47600 0.00119477
47700 0.00114127
47800 0.00115705
47900 0.00117488
48000 0.00115402
48100 0.00115248
48200 0.00117532
48300 0.0011761
48400 0.00116803
48500 0.00117972
48600 0.00119474
48700 0.00119444
48800 0.00118456
48900 0.00118082
49000 0.0012135
49100 0.001206
49200 0.00120576
49300 0.00117715
49400 0.00120006
49500 0.00127668
49600 0.00120208
49700 0.00122006
49800 0.00123026
49900 0.00117977
50000 0.00120451
50100 0.00121791
50200 0.00121191
50300 0.0012083
50400 0.00121171
50500 0.00131382
50600 0.00122958
50700 0.00121772
50800 0.00121586
50900 0.00122785
51000 0.00122804
51100 0.00121984
51200 0.00121606
51300 0.00122581
51400 0.0012339
51500 0.00127012
51600 0.00123826
51700 0.00125138
51800 0.00124295
51900 0.00125775
52000 0.00124427
52100 0.00123297
52200 0.001247
52300 0.00120736
52400 0.00122163
52500 0.00125986
52600 0.00127592
52700 0.00130285
52800 0.001241
52900 0.00125473
53000 0.00126744
53100 0.00125638
53200 0.00126065
53300 0.00127451
53400 0.00124748
53500 0.00129196
53600 0.00126444
53700 0.00121387
53800 0.00125311
53900 0.00124366
54000 0.00123618
54100 0.00128221
54200 0.00121865
54300 0.00124373
54400 0.00123927
54500 0.00126762
54600 0.00124914
54700 0.00125917
54800 0.00124773
54900 0.00125441
55000 0.00126234
55100 0.00124869
55200 0.00124109
55300 0.00124668
55400 0.00124515
55500 0.0012449
55600 0.00124811
55700 0.0012706
55800 0.00126186
55900 0.0012583
56000 0.00126242
56100 0.00154201
56200 0.00123458
56300 0.00125616
56400 0.0012395
56500 0.00123404
56600 0.00122648
56700 0.00125206
56800 0.0013622
56900 0.00153359
57000 0.00122334
57100 0.00123983
57200 0.00123907
57300 0.00125002
57400 0.00128696
57500 0.00127623
57600 0.0012383
57700 0.00124701
57800 0.00124687
57900 0.00122992
58000 0.0012928
58100 0.00127449
58200 0.00124606
58300 0.00221441
58400 0.00124439
58500 0.00128785
58600 0.00125508
58700 0.00126978
58800 0.00126509
58900 0.00125645
59000 0.00126242
59100 0.00126461
59200 0.00124922
59300 0.00125127
59400 0.00127586
59500 0.00151634
59600 0.0012613
59700 0.00128563
59800 0.00127544
59900 0.0012712
60000 0.00125412
60100 0.00128432
60200 0.0012696
60300 0.00127414
60400 0.00126621
60500 0.00125387
60600 0.00127621
60700 0.00126425
60800 0.00125072
60900 0.00126201
61000 0.00127089
61100 0.00558802
61200 0.00132394
61300 0.00128848
61400 0.00126084
61500 0.0012612
61600 0.00127825
61700 0.00127169
61800 0.0012587
61900 0.00127272
62000 0.00128451
62100 0.00128243
62200 0.00127639
62300 0.00127192
62400 0.00129483
62500 0.00136371
62600 0.00127522
62700 0.00127856
62800 0.00126372
62900 0.00127136
63000 0.00127089
63100 0.00126995
63200 0.00127366
63300 0.00127247
63400 0.00127932
63500 0.00127981
63600 0.00127851
63700 0.00128292
63800 0.00128368
63900 0.00130112
64000 0.00133054
64100 0.00128037
64200 0.00131542
64300 0.00128114
64400 0.0012948
64500 0.00169876
64600 0.00129988
64700 0.00128339
64800 0.00135725
64900 0.00140343
65000 0.00141143
65100 0.00129477
65200 0.00131261
65300 0.00174535
65400 0.00131769
65500 0.00131769
65600 0.00130141
65700 0.00130978
65800 0.00131809
65900 0.00131854
66000 0.00132888
66100 0.00132656
66200 0.00133705
66300 0.00136929
66400 0.00134801
66500 0.00133682
66600 0.00132996
66700 0.00135067
66800 0.00153392
66900 0.00134176
67000 0.00135
67100 0.00140625
67200 0.00148323
67300 0.00139549
67400 0.00856983
67500 0.0013698
67600 0.00136027
67700 0.0013697
67800 0.00140107
67900 0.00139967
68000 0.00141146
68100 0.00141375
68200 0.00140807
68300 0.00147369
68400 0.0014155
68500 0.00140638
68600 0.00140808
68700 0.00141548
68800 0.00140486
68900 0.00138665
69000 0.001753
69100 0.00142529
69200 0.00143012
69300 0.00142319
69400 0.00162257
69500 0.00142965
69600 0.00142855
69700 0.00144092
69800 0.00145559
69900 0.00144652
70000 0.0014495
70100 0.00145366
70200 0.00155469
70300 0.00146237
70400 0.00149131
70500 0.00168651
70600 0.00147939
70700 0.00146944
70800 0.00149357
70900 0.00147545
71000 0.00154942
71100 0.00147987
71200 0.00149186
71300 0.0015094
71400 0.00172705
71500 0.00157698
71600 0.00147548
71700 0.00151351
71800 0.00183877
71900 0.00151423
72000 0.00155591
72100 0.0015204
72200 0.00150319
72300 0.00149967
72400 0.00151746
72500 0.00157757
72600 0.00150213
72700 0.00150799
72800 0.00150682
72900 0.00156603
73000 0.00172796
73100 0.00155044
73200 0.00156097
73300 0.0015378
73400 0.00153477
73500 0.00153307
73600 0.00157149
73700 0.00158034
73800 0.00155506
73900 0.00152447
74000 0.00156298
74100 0.00157889
74200 0.001599
74300 0.00155714
74400 0.00159747
74500 0.00158102
74600 0.00161062
74700 0.00159365
74800 0.00170541
74900 0.00160824
75000 0.00167061
75100 0.00165135
75200 0.00166499
75300 0.00165116
75400 0.00162177
75500 0.00161584
75600 0.00162328
75700 0.00188455
75800 0.00169561
75900 0.00171056
76000 0.00166986
76100 0.00169475
76200 0.00166103
76300 0.00163839
76400 0.00167154
76500 0.0016535
76600 0.00168179
76700 0.0016954
76800 0.00167026
76900 0.00166528
77000 0.00168892
77100 0.00171096
77200 0.00179851
77300 0.00173796
77400 0.00169082
77500 0.00168427
77600 0.00169218
77700 0.00169708
77800 0.00168058
77900 0.00169668
78000 0.00189815
78100 0.00174906
78200 0.00175951
78300 0.00173115
78400 0.00172816
78500 0.00174211
78600 0.00174797
78700 0.00178259
78800 0.0017821
78900 0.00176472
79000 0.00179651
79100 0.0018362
79200 0.00179709
79300 0.00185247
79400 0.00191342
79500 0.00172925
79600 0.00177024
79700 0.00182221
79800 0.00170779
79900 0.00178982
80000 0.00183958
80100 0.00209538
80200 0.00178343
80300 0.00192363
80400 0.00182592
80500 0.00183942
80600 0.00182705
80700 0.00181497
80800 0.0018503
80900 0.00204596
81000 0.00188428
81100 0.00182215
81200 0.00189678
81300 0.00188926
81400 0.00190547
81500 0.00185436
81600 0.00188813
81700 0.00185597
81800 0.00182332
81900 0.00265002
82000 0.00194054
82100 0.00188039
82200 0.00190449
82300 0.00191263
82400 0.00186805
82500 0.00189856
82600 0.00197583
82700 0.00186232
82800 0.00195402
82900 0.00197303
83000 0.00188546
83100 0.00187537
83200 0.00191854
83300 0.00194317
83400 0.00194697
83500 0.00195613
83600 0.00190491
83700 0.00195566
83800 0.00195242
83900 0.00196118
84000 0.00194302
84100 0.00193284
84200 0.00194972
84300 0.00196438
84400 0.00192705
84500 0.0019299
84600 0.00207013
84700 0.00217243
84800 0.00196808
84900 0.00197145
85000 0.00197776
85100 0.00202668
85200 0.0020157
85300 0.00228136
85400 0.001974
85500 0.00201221
85600 0.00210202
85700 0.00200472
85800 0.00206904
85900 0.00199629
86000 0.00197896
86100 0.00198979
86200 0.00201472
86300 0.00199303
86400 0.002014
86500 0.00202463
86600 0.00207594
86700 0.0019956
86800 0.00202707
86900 0.00199247
87000 0.00203014
87100 0.00203459
87200 0.00200299
87300 0.00202916
87400 0.00220795
87500 0.00206078
87600 0.00205724
87700 0.00208947
87800 0.00205151
87900 0.00206457
88000 0.00207747
88100 0.00208124
88200 0.00239424
88300 0.00209777
88400 0.00210063
88500 0.00218084
88600 0.00249059
88700 0.00206736
88800 0.00201289
88900 0.00209454
89000 0.00209141
89100 0.00206625
89200 0.00206408
89300 0.00210845
89400 0.00208795
89500 0.00208632
89600 0.00211446
89700 0.00212355
89800 0.00209201
89900 0.00212836
90000 0.00202625
90100 0.00211141
90200 0.00228064
90300 0.00235663
90400 0.00220756
90500 0.00207776
90600 0.00212056
90700 0.00211823
90800 0.00213864
90900 0.00214585
91000 0.00218007
91100 0.00213897
91200 0.00218018
91300 0.00229573
91400 0.00212749
91500 0.00218783
91600 0.00219443
91700 0.00218421
91800 0.00213895
91900 0.00214275
92000 0.00527093
92100 0.00222572
92200 0.00218468
92300 0.00224827
92400 0.00218599
92500 0.00221957
92600 0.00215402
92700 0.00227284
92800 0.00224445
92900 0.00218555
93000 0.00238109
93100 0.00240198
93200 0.0022701
93300 0.00230756
93400 0.00220848
93500 0.00221645
93600 0.00240793
93700 0.00222355
93800 0.00221196
93900 0.00226997
94000 0.00228594
94100 0.00228988
94200 0.00223492
94300 0.00253913
94400 0.00227636
94500 0.00221044
94600 0.00228618
94700 0.00230849
94800 0.0022672
94900 0.00230199
95000 0.00228278
95100 0.00232671
95200 0.00231554
95300 0.00227749
95400 0.0023113
95500 0.00251398
95600 0.0022857
95700 0.00243364
95800 0.00229306
95900 0.00228496
96000 0.0024345
96100 0.00242282
96200 0.00245463
96300 0.00233726
96400 0.00226678
96500 0.00239154
96600 0.00234226
96700 0.00237016
96800 0.00271207
96900 0.00237932
97000 0.0023537
97100 0.00237873
97200 0.00241124
97300 0.00233682
97400 0.00239112
97500 0.00234512
97600 0.00242955
97700 0.00246627
97800 0.00266876
97900 0.00250991
98000 0.0025151
98100 0.00229629
98200 0.0024807
98300 0.00238082
98400 0.00235973
98500 0.00237795
98600 0.00237929
98700 0.0023933
98800 0.00242952
98900 0.00243362
99000 0.00236584
99100 0.00236865
99200 0.00248115
99300 0.00238123
99400 0.00247143
99500 0.00239676
99600 0.00241717
99700 0.00238948
99800 0.0023789
99900 0.00238953
100000 0.00269759
100100 0.00251724
100200 0.00250103
100300 0.00250106
100400 0.00240889
100500 0.00243215
100600 0.00237765
100700 0.00249087
100800 0.00241534
100900 0.00242103
101000 0.00249034
101100 0.00241991
101200 0.00249624
101300 0.00241539
101400 0.0024506
101500 0.00249054
101600 0.0025061
101700 0.00236043
101800 0.0024644
101900 0.0024619
102000 0.00241145
102100 0.00249277
102200 0.00232657
102300 0.00245106
102400 0.00247053
102500 0.00260843
102600 0.00256585
102700 0.00265442
102800 0.00253085
102900 0.00243247
103000 0.00253518
103100 0.00242376
103200 0.00256353
103300 0.00241292
103400 0.00241978
103500 0.00241632
103600 0.00249646
103700 0.00301068
103800 0.00249287
103900 0.00254572
104000 0.00252478
104100 0.00265512
104200 0.00252334
104300 0.00249017
104400 0.00247348
104500 0.00245232
104600 0.00242105
104700 0.00249654
104800 0.00250597
104900 0.002439
105000 0.00243127
105100 0.00248704
105200 0.0024731
105300 0.00246859
105400 0.00243604
105500 0.00243081
105600 0.00251283
105700 0.00246427
105800 0.00250768
105900 0.00247215
106000 0.00247194
106100 0.00244777
106200 0.00245886
106300 0.00245101
106400 0.00246049
106500 0.00248601
106600 0.0022865
106700 0.00258532
106800 0.002872
106900 0.0027645
107000 0.00245829
107100 0.00267851
107200 0.00286851
107300 0.00255206
107400 0.00250162
107500 0.00245199
107600 0.00261182
107700 0.00246228
107800 0.00248582
107900 0.0025015
108000 0.00276095
108100 0.00250725
108200 0.00276279
108300 0.00251921
108400 0.00254829
108500 0.00268731
108600 0.00252925
108700 0.00241395
108800 0.00250996
108900 0.00255572
109000 0.00249387
109100 0.00241985
109200 0.00251328
109300 0.00248905
109400 0.00247222
109500 0.00254583
109600 0.00246483
109700 0.00249523
109800 0.00247931
109900 0.00255025
110000 0.00248781
110100 0.00255346
110200 0.00251363
110300 0.00256476
110400 0.00273204
110500 0.00250341
110600 0.00249343
110700 0.0025255
110800 0.00246157
110900 0.00257813
111000 0.00263236
111100 0.00257578
111200 0.00245933
111300 0.00289584
111400 0.00244992
111500 0.00279678
111600 0.0024326
111700 0.00252093
111800 0.00252464
111900 0.00256684
112000 0.00262705
112100 0.00243027
112200 0.00254824
112300 0.00243647
112400 0.00244286
112500 0.00248615
112600 0.00251916
112700 0.00245021
112800 0.00251624
112900 0.00248599
113000 0.00256974
113100 0.00257947
113200 0.00247913
113300 0.00249399
113400 0.0024784
113500 0.00265991
113600 0.0024902
113700 0.00246996
113800 0.00244298
113900 0.00250038
114000 0.00246585
114100 0.00250042
114200 0.002459
114300 0.00249711
114400 0.00245289
114500 0.00263538
114600 0.00240496
114700 0.002527
114800 0.00255988
114900 0.0025331
115000 0.00242349
115100 0.00249088
115200 0.00250136
115300 0.00246175
115400 0.0025591
115500 0.00250346
115600 0.00252241
115700 0.00252852
115800 0.00244659
115900 0.00256356
116000 0.00265579
116100 0.00243112
116200 0.0025538
116300 0.00250438
116400 0.0025181
116500 0.0027757
116600 0.00261889
116700 0.00259833
116800 0.00254599
116900 0.00252188
117000 0.00245063
117100 0.00254348
117200 0.00252959
117300 0.00251597
117400 0.00250062
117500 0.00255825
117600 0.00251269
117700 0.00251553
117800 0.00249536
117900 0.00252076
118000 0.00250989
118100 0.00252263
118200 0.00252231
118300 0.00255241
118400 0.00255135
118500 0.00262572
118600 0.00257416
118700 0.00252309
118800 0.00254394
118900 0.00254928
119000 0.00260711
119100 0.00252379
119200 0.00249564
119300 0.0025556
119400 0.00249081
119500 0.00251041
119600 0.00268382
119700 0.00255836
119800 0.00257381
119900 0.00259468
120000 0.00256435
120100 0.0025309
120200 0.00254719
120300 0.00250984
120400 0.00255752
120500 0.00270955
120600 0.00248052
120700 0.00257455
120800 0.00252714
120900 0.00252413
121000 0.0024345
121100 0.00252567
121200 0.00266189
121300 0.0024748
121400 0.00252372
121500 0.00256816
121600 0.00259438
121700 0.00259995
121800 0.00257322
121900 0.00250882
122000 0.00255693
122100 0.00252319
122200 0.00251964
122300 0.00255763
122400 0.00253029
122500 0.00245228
122600 0.00256446
122700 0.00263367
122800 0.00250551
122900 0.00255228
123000 0.00260692
123100 0.00251846
123200 0.00250373
123300 0.00249756
123400 0.00254338
123500 0.00255165
123600 0.00252286
123700 0.00258613
123800 0.00250706
123900 0.00249188
124000 0.00264689
124100 0.00254185
124200 0.00256284
124300 0.00254034
124400 0.00259907
124500 0.00351043
124600 0.00256799
124700 0.0025485
124800 0.00258541
124900 0.00254605
125000 0.00263024
125100 0.00262839
125200 0.00259415
125300 0.00262485
125400 0.00259573
125500 0.00256032
125600 0.00256043
125700 0.00259198
125800 0.00264648
125900 0.00256124
126000 0.0027093
126100 0.00260771
126200 0.00254698
126300 0.00258725
126400 0.00261181
126500 0.00263435
126600 0.00250275
126700 0.00265773
126800 0.00259503
126900 0.0025855
127000 0.00260669
127100 0.00263334
127200 0.00255397
127300 0.00255807
127400 0.00255712
127500 0.00264774
127600 0.00266331
127700 0.00263409
127800 0.0026633
127900 0.00256975
128000 0.00264674
128100 0.00270736
128200 0.00254591
128300 0.00270861
128400 0.00249045
128500 0.00254043
128600 0.00268432
128700 0.00289178
128800 0.00266231
128900 0.00252561
129000 0.00258872
129100 0.00258985
129200 0.00257643
129300 0.00259169
129400 0.0027352
129500 0.00259341
129600 0.00254926
129700 0.00263021
129800 0.00249407
129900 0.00269156
130000 0.00264875
130100 0.00269762
130200 0.00274046
130300 0.00260963
130400 0.00278658
130500 0.00258419
130600 0.00249734
130700 0.00261606
130800 0.00260457
130900 0.00258023
131000 0.00304058
131100 0.00260875
131200 0.00261257
131300 0.00247958
131400 0.00258094
131500 0.00267542
131600 0.00261011
131700 0.00267206
131800 0.00260995
131900 0.00263645
132000 0.00269964
132100 0.00260837
132200 0.002806
132300 0.00263604
132400 0.00275465
132500 0.00262224
132600 0.00262789
132700 0.00284385
132800 0.00268497
132900 0.00270465
133000 0.00297534
133100 0.0025317
133200 0.00280518
133300 0.0027709
133400 0.00266752
133500 0.00290952
133600 0.00270288
133700 0.00271806
133800 0.00283383
133900 0.00267712
134000 0.0028204
134100 0.0027135
134200 0.00280183
134300 0.00270307
134400 0.00294967
134500 0.00278591
134600 0.00273433
134700 0.00280229
134800 0.00274943
134900 0.00286776
135000 0.00282464
135100 0.00275236
135200 0.0027025
135300 0.00302871
135400 0.00268004
135500 0.00279034
135600 0.00270082
135700 0.00297154
135800 0.0027882
135900 0.00264451
136000 0.00289461
136100 0.00270577
136200 0.00283738
136300 0.00303712
136400 0.00286181
136500 0.00312095
136600 0.00281544
136700 0.00268237
136800 0.0028181
136900 0.00281466
137000 0.0028448
137100 0.0028771
137200 0.00285347
137300 0.00291171
137400 0.00287005
137500 0.00302141
137600 0.00278452
137700 0.00290142
137800 0.00291018
137900 0.00285393
138000 0.00292624
138100 0.00299426
138200 0.00296978
138300 0.0028488
138400 0.00297076
138500 0.00285626
138600 0.00288745
138700 0.00278558
138800 0.00290745
138900 0.00305864
139000 0.00286586
139100 0.00301202
139200 0.00285908
139300 0.00291848
139400 0.00285458
139500 0.00283776
139600 0.00300128
139700 0.00285908
139800 0.00293019
139900 0.00295917
140000 0.00291566
140100 0.00309714
140200 0.0032481
140300 0.00291484
140400 0.0029463
140500 0.00294084
140600 0.00289615
140700 0.00303224
140800 0.00329798
140900 0.00289917
141000 0.00297693
141100 0.00299585
141200 0.00301091
141300 0.00297848
141400 0.0029872
141500 0.00294378
141600 0.00284787
141700 0.00308681
141800 0.00295131
141900 0.0030227
142000 0.00297201
142100 0.00293459
142200 0.00294859
142300 0.00291139
142400 0.00306627
142500 0.0030158
142600 0.00291437
142700 0.00302859
142800 0.0029389
142900 0.00313072
143000 0.00301886
143100 0.00286735
143200 0.00309677
143300 0.00291596
143400 0.0030599
143500 0.0029315
143600 0.00291272
143700 0.00313727
143800 0.00301449
143900 0.00312296
144000 0.0029466
144100 0.00303796
144200 0.00302177
144300 0.00292492
144400 0.00312931
144500 0.00309295
144600 0.00298252
144700 0.00293673
144800 0.00295177
144900 0.00304645
145000 0.00298628
145100 0.00315892
145200 0.00293795
145300 0.00309361
145400 0.00326683
145500 0.0030863
145600 0.00298986
145700 0.00314815
145800 0.00310858
145900 0.00313012
146000 0.00304498
146100 0.00301075
146200 0.00311142
146300 0.00325934
146400 0.00313193
146500 0.00304264
146600 0.00338094
146700 0.00305109
146800 0.00324509
146900 0.00412025
147000 0.00311111
147100 0.00342148
147200 0.00309955
147300 0.00314998
147400 0.00381411
147500 0.00315688
147600 0.00298331
147700 0.00299384
147800 0.00311137
147900 0.00313072
148000 0.00325354
148100 0.00321059
148200 0.00318102
148300 0.00333131
148400 0.00312986
148500 0.00314696
148600 0.00293737
148700 0.00321319
148800 0.00317374
148900 0.00315734
149000 0.00312769
149100 0.00320811
149200 0.00311108
149300 0.00326765
149400 0.00325691
149500 0.00316933
149600 0.00320797
149700 0.00314095
149800 0.00327059
149900 0.00320384
150000 0.00323428
150100 0.00321482
150200 0.00319338
150300 0.00345936
150400 0.00319679
150500 0.00322047
150600 0.00313283
150700 0.00336796
150800 0.00334543
150900 0.00332552
151000 0.00321123
151100 0.00358085
151200 0.00330391
151300 0.00303534
151400 0.00357804
151500 0.00332183
151600 0.00336058
151700 0.00338295
151800 0.00336985
151900 0.00334597
152000 0.00342748
152100 0.00333782
152200 0.00337488
152300 0.00329084
152400 0.00323564
152500 0.00332771
152600 0.00334067
152700 0.00345042
152800 0.00317301
152900 0.00335563
153000 0.00333103
153100 0.00333719
153200 0.00333128
153300 0.00341008
153400 0.00330245
153500 0.00337967
153600 0.00348968
153700 0.00358365
153800 0.00344471
153900 0.00347884
154000 0.00353602
154100 0.00348247
154200 0.00347665
154300 0.00335614
154400 0.00336862
154500 0.00358824
154600 0.0034636
154700 0.00356792
154800 0.00348466
154900 0.00339385
155000 0.00332341
155100 0.00338031
155200 0.00324933
155300 0.00344539
155400 0.00342897
155500 0.00340588
155600 0.00335663
155700 0.00343735
155800 0.00344652
155900 0.00338585
156000 0.00345989
156100 0.00340634
156200 0.00479773
156300 0.00345509
156400 0.00349975
156500 0.0033758
156600 0.00346509
156700 0.00365052
156800 0.00355825
156900 0.00355171
157000 0.00342606
157100 0.00337519
157200 0.00339222
157300 0.00337172
157400 0.00367718
157500 0.00340325
157600 0.00389421
157700 0.00360593
157800 0.0036203
157900 0.00358075
158000 0.00371189
158100 0.00492085
158200 0.00359311
158300 0.00370904
158400 0.00355893
158500 0.00352779
158600 0.0035415
158700 0.00355592
158800 0.00365958
158900 0.00368247
159000 0.00370766
159100 0.00356458
159200 0.00364395
159300 0.0036786
159400 0.00376685
159500 0.00367959
159600 0.00367977
159700 0.00344173
159800 0.00373054
159900 0.00369912
160000 0.00370956
160100 0.00353472
160200 0.0036918
160300 0.00363606
160400 0.00363131
160500 0.00411292
160600 0.00362232
160700 0.00384223
160800 0.00374564
160900 0.00367927
161000 0.00359997
161100 0.00372736
161200 0.00380008
161300 0.00378913
161400 0.00376082
161500 0.00388626
161600 0.0037225
161700 0.00386827
161800 0.00373432
161900 0.00369938
162000 0.00386361
162100 0.00359042
162200 0.00377145
162300 0.00358041
162400 0.00374999
162500 0.00378514
162600 0.00392898
162700 0.00376237
162800 0.00394052
162900 0.00359319
163000 0.00402815
163100 0.0037027
163200 0.00372395
163300 0.00374217
163400 0.00372133
163500 0.00366845
163600 0.00385025
163700 0.00372794
163800 0.00385948
163900 0.00436844
164000 0.00377336
164100 0.00381789
164200 0.00385238
164300 0.00374382
164400 0.00369725
164500 0.00375016
164600 0.00359847
164700 0.00385733
164800 0.00371043
164900 0.0038143
165000 0.00373544
165100 0.00388226
165200 0.00379426
165300 0.00379188
165400 0.00383024
165500 0.00378043
165600 0.00374234
165700 0.00378836
165800 0.00358179
165900 0.00397078
166000 0.00378509
166100 0.00407467
166200 0.00369303
166300 0.00390463
166400 0.00381044
166500 0.00402561
166600 0.00382755
166700 0.00387908
166800 0.00370125
166900 0.00396034
167000 0.00380248
167100 0.00389662
167200 0.00392775
167300 0.00388357
167400 0.00387219
167500 0.0039042
167600 0.00386693
167700 0.00408335
167800 0.00391282
167900 0.00399509
168000 0.00401191
168100 0.0039606
168200 0.00415702
168300 0.00387374
168400 0.004043
168500 0.00411691
168600 0.00419425
168700 0.00391664
168800 0.00388708
168900 0.0039143
169000 0.00420699
169100 0.00403114
169200 0.00407541
169300 0.00405514
169400 0.00389265
169500 0.00391199
169600 0.00397943
169700 0.00392889
169800 0.00411369
169900 0.00404189
170000 0.00393825
170100 0.00402148
170200 0.00405324
170300 0.00401167
170400 0.00393409
170500 0.00392824
170600 0.00376321
170700 0.00394379
170800 0.00388402
170900 0.00420619
171000 0.00402704
171100 0.00404655
171200 0.00398916
171300 0.00405922
171400 0.00405019
171500 0.00411072
171600 0.00408619
171700 0.00399563
171800 0.00409923
171900 0.00404554
172000 0.00431483
172100 0.00410699
172200 0.00407051
172300 0.00411282
172400 0.00412019
172500 0.00404729
172600 0.00384287
172700 0.00407427
172800 0.00389361
172900 0.00400471
173000 0.0039312
173100 0.00404032
173200 0.00402897
173300 0.00403547
173400 0.00406523
173500 0.00403475
173600 0.00389375
173700 0.004381
173800 0.00401352
173900 0.00393724
174000 0.00402485
174100 0.00451222
174200 0.00418347
174300 0.00404218
174400 0.00411546
174500 0.00410682
174600 0.00430563
174700 0.00422949
174800 0.00424061
174900 0.00396551
175000 0.00426129
175100 0.00416488
175200 0.00419932
175300 0.0040399
175400 0.00425545
175500 0.00387367
175600 0.00427129
175700 0.00437708
175800 0.00444247
175900 0.00403716
176000 0.00444241
176100 0.00393828
176200 0.00433011
176300 0.00412064
176400 0.0043376
176500 0.00412305
176600 0.00418915
176700 0.00414
176800 0.00413184
176900 0.0040639
177000 0.00422188
177100 0.00409448
177200 0.00416886
177300 0.00407066
177400 0.00423728
177500 0.00437601
177600 0.00413973
177700 0.00425616
177800 0.00406068
177900 0.00420302
178000 0.00422373
178100 0.00423743
178200 0.00418709
178300 0.00420387
178400 0.00421283
178500 0.00418492
178600 0.00417221
178700 0.00415259
178800 0.00431788
178900 0.00419036
179000 0.00427553
179100 0.00414435
179200 0.00430385
179300 0.00417759
179400 0.00425294
179500 0.0041356
179600 0.00405773
179700 0.00421776
179800 0.00427567
179900 0.0042642
180000 0.00430691
180100 0.00427771
180200 0.00400825
180300 0.0042548
180400 0.00428317
180500 0.00437464
180600 0.00427965
180700 0.00425468
180800 0.00422381
180900 0.00441483
181000 0.00425408
181100 0.00447582
181200 0.00426671
181300 0.00460911
181400 0.00424418
181500 0.00455141
181600 0.00429592
181700 0.00438502
181800 0.00435548
181900 0.00426743
182000 0.0046159
182100 0.00428785
182200 0.00520827
182300 0.00440319
182400 0.00432936
182500 0.00444482
182600 0.00448119
182700 0.00453717
182800 0.00437988
182900 0.00454543
183000 0.00436101
183100 0.0047178
183200 0.00438867
183300 0.00439736
183400 0.00439302
183500 0.00475144
183600 0.00449741
183700 0.00432248
183800 0.00437758
183900 0.00431527
184000 0.00461899
184100 0.00421608
184200 0.00478299
184300 0.00477119
184400 0.00477166
184500 0.00485153
184600 0.00439196
184700 0.00440522
184800 0.00437901
184900 0.00438527
185000 0.00446373
185100 0.00452605
185200 0.00460287
185300 0.00445373
185400 0.0044269
185500 0.00427239
185600 0.00467132
185700 0.00459372
185800 0.00461783
185900 0.00437891
186000 0.00458485
186100 0.00441223
186200 0.00471492
186300 0.00455174
186400 0.00441334
186500 0.00442867
186600 0.00450492
186700 0.00441187
186800 0.00459908
186900 0.00443301
187000 0.00456995
187100 0.00456261
187200 0.00445998
187300 0.00469225
187400 0.00441233
187500 0.00466431
187600 0.00432264
187700 0.00452195
187800 0.00454274
187900 0.00458476
188000 0.00449727
188100 0.0046332
188200 0.00442229
188300 0.00458329
188400 0.00439685
188500 0.00447762
188600 0.00457648
188700 0.00455916
188800 0.00469026
188900 0.00449198
189000 0.00474458
189100 0.00493308
189200 0.00481452
189300 0.00453045
189400 0.00454671
189500 0.00459075
189600 0.0046202
189700 0.00447282
189800 0.00464006
189900 0.00463335
190000 0.0045221
190100 0.0045793
190200 0.00466229
190300 0.00484255
190400 0.00446901
190500 0.00464574
190600 0.00444274
190700 0.00465939
190800 0.00455238
190900 0.00460466
191000 0.00490295
191100 0.00448854
191200 0.00481906
191300 0.00517515
191400 0.00467171
191500 0.00463893
191600 0.0045533
191700 0.0046603
191800 0.00453404
191900 0.00506216
192000 0.00457843
192100 0.00469066
192200 0.00456395
192300 0.00495101
192400 0.00473609
192500 0.00458138
192600 0.00481604
192700 0.00465328
192800 0.0046946
192900 0.004793
193000 0.00464123
193100 0.00482933
193200 0.0047268
193300 0.00482827
193400 0.00480716
193500 0.0047294
193600 0.00505606
193700 0.00461227
193800 0.0047552
193900 0.00457798
194000 0.00472271
194100 0.00460096
194200 0.00481982
194300 0.00493066
194400 0.00468853
194500 0.0047525
194600 0.0047733
194700 0.00469594
194800 0.00488754
194900 0.00464977
195000 0.00485856
195100 0.00480016
195200 0.00475459
195300 0.0049807
195400 0.00488891
195500 0.00491975
195600 0.00466821
195700 0.00488771
195800 0.00478911
195900 0.00465266
196000 0.00487122
196100 0.00476814
196200 0.0048039
196300 0.00478658
196400 0.0051345
196500 0.00466205
196600 0.00478062
196700 0.00479551
196800 0.00492542
196900 0.00493093
197000 0.00488278
197100 0.00484111
197200 0.00472751
197300 0.00484806
197400 0.0047162
197500 0.00459986
197600 0.00475438
197700 0.00458623
197800 0.00494661
197900 0.00466441
198000 0.00475663
198100 0.00496129
198200 0.0049899
198300 0.00485865
198400 0.00508425
198500 0.00470754
198600 0.00496638
198700 0.00471756
198800 0.00511999
198900 0.00478359
199000 0.00504714
199100 0.00496881
199200 0.0049327
199300 0.0048383
199400 0.00484596
199500 0.00481508
199600 0.00492443
199700 0.00482661
199800 0.00518586
199900 0.00482466
200000 0.00489612
