100 8.39e-06
200 1.318e-05
300 1.7882e-05
400 2.5562e-05
500 3.0969e-05
600 3.6368e-05
700 4.3516e-05
800 4.7403e-05
900 6.2108e-05
1000 5.6417e-05
1100 6.5028e-05
1200 7.8809e-05
1300 7.9679e-05
1400 8.0448e-05
1500 8.2877e-05
1600 8.764e-05
1700 9.6148e-05
1800 0.000103991
1900 0.000106472
2000 0.000132913
2100 0.000115689
2200 0.000128954
2300 0.000142658
2400 0.000139756
2500 0.000151458
2600 0.00015255
2700 0.000156284
2800 0.000161221
2900 0.000169885
3000 0.00017568
3100 0.000208607
3200 0.000185201
3300 0.000193725
3400 0.000189336
3500 0.000184744
3600 0.000213783
3700 0.000226075
3800 0.000222598
3900 0.000212485
4000 0.000244078
4100 0.000245088
4200 0.000282115
4300 0.000258991
4400 0.000241993
4500 0.00024914
4600 0.000242054
4700 0.000355493
4800 0.000281611
4900 0.000298489
5000 0.000305495
5100 0.000304994
5200 0.000304686
5300 0.000299698
5400 0.000316714
5500 0.000309158
5600 0.00033199
5700 0.000328044
5800 0.000323676
5900 0.000322087
6000 0.000343948
6100 0.00034581
6200 0.000353168
6300 0.000343301
6400 0.000462522
6500 0.0004337
6600 0.000393247
6700 0.000389583
6800 0.000404191
6900 0.00041607
7000 0.000405644
7100 0.000404089
7200 0.000422219
7300 0.000410437
7400 0.000458753
7500 0.000429962
7600 0.000536131
7700 0.000436239
7800 0.000517959
7900 0.000450245
8000 0.000496237
8100 0.000479403
8200 0.000461817
8300 0.000492714
8400 0.000488262
8500 0.000478362
8600 0.000474808
8700 0.000509281
8800 0.000502945
8900 0.000489799
9000 0.00048674
9100 0.000616734
9200 0.000534571
9300 0.000530258
9400 0.000666951
9500 0.000532546
9600 0.000588773
9700 0.000608376
9800 0.000652216
9900 0.000524317
10000 0.000538016
10100 0.000579268
10200 0.000651333
10300 0.000600081
10400 0.000636592
10500 0.000633776
10600 0.000662501
10700 0.000598563
10800 0.000644821
10900 0.000572865
11000 0.000680031
11100 0.000652367
11200 0.000660514
11300 0.000640121
11400 0.00072806
11500 0.000763916
11600 0.000679836
11700 0.000613482
11800 0.00070311
11900 0.000978667
12000 0.000670778
12100 0.000758533
12200 0.000690406
12300 0.000719463
12400 0.000659492
12500 0.000709996
12600 0.000716841
12700 0.000757258
12800 0.000876355
12900 0.000809956
13000 0.000755503
13100 0.00080169
13200 0.000786228
13300 0.000772272
13400 0.000808742
13500 0.000735555
13600 0.00075575
13700 0.000796999
13800 0.000766237
13900 0.00097264
14000 0.000888562
14100 0.000814493
14200 0.000821087
14300 0.000815135
14400 0.000810278
14500 0.000789432
14600 0.000868379
14700 0.000894862
14800 0.000862798
14900 0.000908281
15000 0.000866466
15100 0.000868149
15200 0.000894779
15300 0.000907135
15400 0.000920243
15500 0.00084748
15600 0.000892094
15700 0.000883935
15800 0.000891461
15900 0.000940843
16000 0.000896016
16100 0.000903004
16200 0.000974065
16300 0.000922957
16400 0.00100203
16500 0.000959194
16600 0.000919689
16700 0.00120796
16800 0.000976261
16900 0.000972792
17000 0.000968277
17100 0.000933886
17200 0.00103291
17300 0.000972824
17400 0.00103573
17500 0.00111052
17600 0.000996264
17700 0.00103168
17800 0.000954809
17900 0.00112105
18000 0.00102107
18100 0.00114863
18200 0.000997384
18300 0.00106373
18400 0.00103319
18500 0.00109328
18600 0.00111066
18700 0.00103531
18800 0.00120571
18900 0.00107204
19000 0.00108484
19100 0.00107958
19200 0.00116402
19300 0.0010745
19400 0.00116298
19500 0.00103765
19600 0.00121699
19700 0.00134903
19800 0.00107477
19900 0.00114528
20000 0.00121199
20100 0.00114159
20200 0.00132446
20300 0.00110079
20400 0.0011898
20500 0.00117838
20600 0.00121638
20700 0.00124478
20800 0.00120279
20900 0.00118318
21000 0.00118842
21100 0.00112042
21200 0.00129081
21300 0.00130364
21400 0.0013471
21500 0.00121915
21600 0.0012577
21700 0.00131137
21800 0.00124088
21900 0.00130432
22000 0.00128342
22100 0.00129953
22200 0.00125993
22300 0.00133843
22400 0.00136764
22500 0.00136373
22600 0.00129507
22700 0.00129024
22800 0.00140206
22900 0.00151052
23000 0.0013111
23100 0.00138622
23200 0.00129256
23300 0.00144631
23400 0.0012617
23500 0.00144606
23600 0.00144748
23700 0.00138943
23800 0.00134653
23900 0.00145607
24000 0.00137642
24100 0.00157661
24200 0.00152885
24300 0.0013907
24400 0.00132157
24500 0.00153242
24600 0.00141739
24700 0.00148532
24800 0.00151303
24900 0.00145051
25000 0.00141701
25100 0.00143777
25200 0.00152085
25300 0.0016263
25400 0.00144493
25500 0.00150175
25600 0.00143234
25700 0.00141873
25800 0.00144024
25900 0.00155787
26000 0.00154569
26100 0.00154929
26200 0.00155481
26300 0.00172709
26400 0.00144035
26500 0.00183239
26600 0.00143767
26700 0.00151131
26800 0.0015346
26900 0.00166725
27000 0.00153672
27100 0.00261866
27200 0.00165138
27300 0.00159485
27400 0.00162985
27500 0.00156978
27600 0.00162108
27700 0.001628
27800 0.00168247
27900 0.00163637
28000 0.00154077
28100 0.00167486
28200 0.00158761
28300 0.00153681
28400 0.001556
28500 0.0016812
28600 0.00161716
28700 0.00151683
28800 0.00176997
28900 0.00161481
29000 0.00174159
29100 0.00155303
29200 0.00192437
29300 0.00222982
29400 0.00176827
29500 0.00182408
29600 0.00184922
29700 0.00171888
29800 0.00167562
29900 0.0018704
30000 0.00178203
30100 0.00173848
30200 0.00187472
30300 0.00182617
30400 0.00172693
30500 0.00205085
30600 0.00183826
30700 0.00171955
30800 0.00196395
30900 0.00215221
31000 0.00214721
31100 0.00180962
31200 0.00178282
31300 0.00180949
31400 0.00181346
31500 0.00194078
31600 0.00177881
31700 0.00173039
31800 0.00190386
31900 0.00181493
32000 0.00197937
32100 0.00213152
32200 0.00195575
32300 0.00185689
32400 0.00200862
32500 0.00203166
32600 0.00201975
32700 0.0018301
32800 0.0019856
32900 0.00193492
33000 0.00187978
33100 0.00232364
33200 0.001906
33300 0.00196251
33400 0.00203507
33500 0.00189615
33600 0.00192006
33700 0.0021941
33800 0.00206262
33900 0.00189914
34000 0.00204885
34100 0.00195262
34200 0.00212856
34300 0.00189633
34400 0.00214396
34500 0.00192252
34600 0.00208939
34700 0.00185394
34800 0.00191973
34900 0.00202611
35000 0.00198382
35100 0.00195698
35200 0.00219525
35300 0.00214112
35400 0.00217621
35500 0.001928
35600 0.00190313
35700 0.00202976
35800 0.00232248
35900 0.00230109
36000 0.00198942
36100 0.00202886
36200 0.00196469
36300 0.00197681
36400 0.00215005
36500 0.00205734
36600 0.00229564
36700 0.00205113
36800 0.00230586
36900 0.00211719
37000 0.00203695
37100 0.00234551
37200 0.00204187
37300 0.00210503
37400 0.00219011
37500 0.00228331
37600 0.00220686
37700 0.0022565
37800 0.00214794
37900 0.00215466
38000 0.00215867
38100 0.00221984
38200 0.00242353
38300 0.00215695
38400 0.00254258
38500 0.00211962
38600 0.00212082
38700 0.00224388
38800 0.00240495
38900 0.0024078
39000 0.0021109
39100 0.00234483
39200 0.00219567
39300 0.00224127
39400 0.00214115
39500 0.0022057
39600 0.00274636
39700 0.00224273
39800 0.00259512
39900 0.00244069
40000 0.00226074
40100 0.00216264
40200 0.00224527
40300 0.00255247
40400 0.00393152
40500 0.00243872
40600 0.00226148
40700 0.00234164
40800 0.0027335
40900 0.0023978
41000 0.00229357
41100 0.00233282
41200 0.00250569
41300 0.00239051
41400 0.00257564
41500 0.00239097
41600 0.00219292
41700 0.00712342
41800 0.00245408
41900 0.00254315
42000 0.00263507
42100 0.00240098
42200 0.00250052
42300 0.0025563
42400 0.00278325
42500 0.00295706
42600 0.00235963
42700 0.00258312
42800 0.00267855
42900 0.00247961
43000 0.00251129
43100 0.00227888
43200 0.0026553
43300 0.00255725
43400 0.0023659
43500 0.00247036
43600 0.00239732
43700 0.00245548
43800 0.00227084
43900 0.00277287
44000 0.00297663
44100 0.00273461
44200 0.00242317
44300 0.00281676
44400 0.00266763
44500 0.0029548
44600 0.00269445
44700 0.00280237
44800 0.0025109
44900 0.00285135
45000 0.002501
45100 0.00288025
45200 0.00265469
45300 0.00260231
45400 0.00287197
45500 0.00272608
45600 0.00259507
45700 0.00261011
45800 0.00277467
45900 0.00258888
46000 0.00254908
46100 0.00271289
46200 0.00265542
46300 0.00258687
46400 0.00264575
46500 0.00313011
46600 0.00271194
46700 0.00301883
46800 0.0027516
46900 0.00256224
47000 0.00281712
47100 0.00280676
47200 0.0028424
47300 0.00272488
47400 0.00278365
47500 0.00299666
47600 0.00251449
47700 0.00289675
47800 0.00276037
47900 0.00328591
48000 0.00286874
48100 0.00274796
48200 0.00305721
48300 0.00266963
48400 0.00670704
48500 0.00291438
48600 0.00319837
48700 0.00274234
48800 0.00308787
48900 0.00313782
49000 0.00277009
49100 0.00289911
49200 0.00272464
49300 0.00282767
49400 0.00261257
49500 0.00389294
49600 0.00299598
49700 0.00303418
49800 0.00278607
49900 0.00292706
50000 0.0030936
50100 0.00321772
50200 0.00284769
50300 0.00289105
50400 0.00272812
50500 0.00278069
50600 0.002859
50700 0.00285623
50800 0.00275295
50900 0.00300973
51000 0.00287603
51100 0.00306192
51200 0.00300562
51300 0.00325147
51400 0.00330598
51500 0.00279297
51600 0.00310752
51700 0.00276062
51800 0.00305633
51900 0.00314756
52000 0.00331987
52100 0.0029538
52200 0.00302406
52300 0.00304697
52400 0.00334557
52500 0.00308555
52600 0.00297692
52700 0.00294798
52800 0.00314936
52900 0.00286957
53000 0.00299306
53100 0.00302008
53200 0.00341743
53300 0.00299669
53400 0.00297497
53500 0.00285803
53600 0.00316069
53700 0.00344685
53800 0.00330703
53900 0.00295132
54000 0.0031647
54100 0.00336892
54200 0.00296973
54300 0.0031765
54400 0.0031375
54500 0.00326193
54600 0.00299688
54700 0.00325161
54800 0.00313943
54900 0.00292551
55000 0.00322922
55100 0.00299019
55200 0.00300075
55300 0.00312745
55400 0.00337555
55500 0.00335332
55600 0.00392401
55700 0.00319868
55800 0.00310184
55900 0.0032027
56000 0.00336232
56100 0.00330407
56200 0.0031888
56300 0.00342518
56400 0.00309349
56500 0.00319128
56600 0.00356192
56700 0.00311483
56800 0.00336341
56900 0.00343574
57000 0.00379658
57100 0.0030315
57200 0.003391
57300 0.00328997
57400 0.00311561
57500 0.00311716
57600 0.00313094
57700 0.00325158
57800 0.00338208
57900 0.00377226
58000 0.00325297
58100 0.00344152
58200 0.00307565
58300 0.00329303
58400 0.0033497
58500 0.0035279
58600 0.00345698
58700 0.00344633
58800 0.00353838
58900 0.00352821
59000 0.00348514
59100 0.00348489
59200 0.0037123
59300 0.00345706
59400 0.00341953
59500 0.00365325
59600 0.00367493
59700 0.00374341
59800 0.00335612
59900 0.00384779
60000 0.00374829
60100 0.00342382
60200 0.00329046
60300 0.00331653
60400 0.00317834
60500 0.00311273
60600 0.00374238
60700 0.00355522
60800 0.00349931
60900 0.00355943
61000 0.00374873
61100 0.00343959
61200 0.00336851
61300 0.0036409
61400 0.00389933
61500 0.00354507
61600 0.00347146
61700 0.0034125
61800 0.00362435
61900 0.00385603
62000 0.0035049
62100 0.00360289
62200 0.00355431
62300 0.00338374
62400 0.00357302
62500 0.00384807
62600 0.00406822
62700 0.00364098
62800 0.0032527
62900 0.00359342
63000 0.00398325
63100 0.0041296
63200 0.0038761
63300 0.0036071
63400 0.00352403
63500 0.00347875
63600 0.00376838
63700 0.00347493
63800 0.00348087
63900 0.00400312
64000 0.00369313
64100 0.00378141
64200 0.00380656
64300 0.00381912
64400 0.00376397
64500 0.00383889
64600 0.00380297
64700 0.00376688
64800 0.00415535
64900 0.00401578
65000 0.00363514
65100 0.00401491
65200 0.00381136
65300 0.00378269
65400 0.00408944
65500 0.00380608
65600 0.00419686
65700 0.00347774
65800 0.00346617
65900 0.00365889
66000 0.00407699
66100 0.00362206
66200 0.00552703
66300 0.00371373
66400 0.0040314
66500 0.00355267
66600 0.00357513
66700 0.0039564
66800 0.00400276
66900 0.00349689
67000 0.0038233
67100 0.00450751
67200 0.00404769
67300 0.00437087
67400 0.00404484
67500 0.00386091
67600 0.00399856
67700 0.00408489
67800 0.00376184
67900 0.00399982
68000 0.00378773
68100 0.00384007
68200 0.00383281
68300 0.0040926
68400 0.00377598
68500 0.00382587
68600 0.00414512
68700 0.00399689
68800 0.00430023
68900 0.00440266
69000 0.00417723
69100 0.00400617
69200 0.00426756
69300 0.00404326
69400 0.00433094
69500 0.00422476
69600 0.00418488
69700 0.00397354
69800 0.00692641
69900 0.00405475
70000 0.00408174
70100 0.00410681
70200 0.00397046
70300 0.0040233
70400 0.00395955
70500 0.00435988
70600 0.00423805
70700 0.00390605
70800 0.0040315
70900 0.00389478
71000 0.00418133
71100 0.00386442
71200 0.00447598
71300 0.00403646
71400 0.00446885
71500 0.00394802
71600 0.00398948
71700 0.0041865
71800 0.00413054
71900 0.00415489
72000 0.0043662
72100 0.00416655
72200 0.00410538
72300 0.00393281
72400 0.00407431
72500 0.00479754
72600 0.00417374
72700 0.00425058
72800 0.00460254
72900 0.00421111
73000 0.00435274
73100 0.004344
73200 0.00390201
73300 0.00462646
73400 0.00445976
73500 0.00533488
73600 0.00429016
73700 0.0042036
73800 0.00434344
73900 0.00425143
74000 0.00441681
74100 0.00476893
74200 0.00444527
74300 0.00492398
74400 0.00439663
74500 0.00399532
74600 0.00418857
74700 0.00475938
74800 0.00445432
74900 0.00420796
75000 0.0041907
75100 0.00460445
75200 0.00421393
75300 0.00402368
75400 0.00438222
75500 0.00431588
75600 0.00421636
75700 0.00460644
75800 0.00410164
75900 0.00405731
76000 0.00413216
76100 0.00433352
76200 0.00430374
76300 0.00551129
76400 0.0041231
76500 0.00468637
76600 0.00422526
76700 0.00447417
76800 0.00494648
76900 0.00442396
77000 0.00422022
77100 0.00436714
77200 0.00505464
77300 0.00430837
77400 0.00436562
77500 0.00415278
77600 0.00451741
77700 0.00451008
77800 0.00510893
77900 0.00440764
78000 0.00459338
78100 0.00453649
78200 0.00470671
78300 0.0045124
78400 0.00438749
78500 0.00447786
78600 0.00463797
78700 0.00402131
78800 0.00486363
78900 0.00431057
79000 0.00500096
79100 0.00492781
79200 0.00487749
79300 0.00471093
79400 0.00554268
79500 0.00449763
79600 0.00436677
79700 0.00478531
79800 0.00457113
79900 0.00457429
80000 0.00466258
80100 0.00419914
80200 0.00442143
80300 0.00418238
80400 0.00469646
80500 0.00458441
80600 0.00467228
80700 0.0047858
80800 0.00460997
80900 0.00437694
81000 0.00427514
81100 0.00436774
81200 0.00457824
81300 0.00467562
81400 0.00459185
81500 0.00522717
81600 0.00494078
81700 0.00552453
81800 0.00453214
81900 0.00466573
82000 0.00513773
82100 0.00442453
82200 0.00453928
82300 0.00491498
82400 0.00478638
82500 0.00483396
82600 0.00484114
82700 0.00474359
82800 0.00469759
82900 0.00519549
83000 0.00475571
83100 0.00497321
83200 0.00544642
83300 0.00461609
83400 0.0045082
83500 0.00476747
83600 0.00516232
83700 0.00489034
83800 0.00448117
83900 0.00480127
84000 0.00488944
84100 0.00470838
84200 0.0058646
84300 0.00467433
84400 0.00487545
84500 0.00473161
84600 0.00483457
84700 0.00486165
84800 0.0047883
84900 0.00487322
85000 0.00478037
85100 0.00480173
85200 0.00467925
85300 0.00514946
85400 0.00478897
85500 0.00472689
85600 0.00476964
85700 0.00478351
85800 0.00488571
85900 0.00538545
86000 0.00485443
86100 0.00517339
86200 0.00524755
86300 0.00508245
86400 0.00494717
86500 0.00528709
86600 0.00558071
86700 0.00539838
86800 0.00505157
86900 0.0048509
87000 0.00546266
87100 0.00518494
87200 0.00496574
87300 0.00492539
87400 0.00520096
87500 0.00479747
87600 0.00526653
87700 0.00633424
87800 0.00504532
87900 0.0048472
88000 0.00541112
88100 0.00491089
88200 0.00551876
88300 0.00490352
88400 0.00567235
88500 0.00551262
88600 0.00609442
88700 0.00488421
88800 0.0079489
88900 0.00519058
89000 0.00589725
89100 0.0052136
89200 0.00519875
89300 0.00481774
89400 0.004855
89500 0.0053284
89600 0.00509088
89700 0.00547457
89800 0.00481249
89900 0.00540708
90000 0.00514434
90100 0.00561158
90200 0.0049651
90300 0.0054526
90400 0.00579496
90500 0.00576193
90600 0.00549691
90700 0.00488966
90800 0.00535085
90900 0.00494549
91000 0.00536114
91100 0.00504092
91200 0.00622509
91300 0.00558412
91400 0.00583694
91500 0.00525105
91600 0.0062479
91700 0.00482998
91800 0.00524101
91900 0.00555498
92000 0.00510693
92100 0.00499777
92200 0.00547837
92300 0.00541206
92400 0.00470016
92500 0.00557421
92600 0.00528318
92700 0.00608914
92800 0.005035
92900 0.00554594
93000 0.00546158
93100 0.00505911
93200 0.00580658
93300 0.00537829
93400 0.0049633
93500 0.00566684
93600 0.00521771
93700 0.00536645
93800 0.0054817
93900 0.00595529
94000 0.00572108
94100 0.0055073
94200 0.00506877
94300 0.00538992
94400 0.00543369
94500 0.00562314
94600 0.00511141
94700 0.00618828
94800 0.00537088
94900 0.00558453
95000 0.00548035
95100 0.00637932
95200 0.00567492
95300 0.00621217
95400 0.00568964
95500 0.00527845
95600 0.005539
95700 0.00541932
95800 0.00600189
95900 0.00509275
96000 0.00566332
96100 0.0052878
96200 0.00602779
96300 0.00562052
96400 0.00570819
96500 0.00629894
96600 0.00516964
96700 0.00636138
96800 0.0055335
96900 0.00562237
97000 0.00530997
97100 0.00578192
97200 0.0055146
97300 0.00549547
97400 0.00656435
97500 0.00580642
97600 0.00569451
97700 0.0100009
97800 0.00533688
97900 0.00538209
98000 0.00556992
98100 0.00578419
98200 0.005277
98300 0.00551581
98400 0.00542527
98500 0.00641742
98600 0.00657728
98700 0.00621662
98800 0.00566951
98900 0.00550974
99000 0.00560943
99100 0.0056032
99200 0.00555551
99300 0.005787
99400 0.00680645
99500 0.00583078
99600 0.00517922
99700 0.00570789
99800 0.0055631
99900 0.00609526
100000 0.00638196
100100 0.00636292
100200 0.00556007
100300 0.00654
100400 0.00595481
100500 0.00630598
100600 0.00598302
100700 0.00563158
100800 0.00606108
100900 0.00566508
101000 0.00584764
101100 0.00584952
101200 0.00592569
101300 0.00597724
101400 0.00619036
101500 0.00586503
101600 0.00605153
101700 0.00577653
101800 0.00599001
101900 0.00576962
102000 0.00567315
102100 0.0059722
102200 0.00583712
102300 0.00731876
102400 0.00639531
102500 0.00602007
102600 0.0057885
102700 0.00677884
102800 0.0059339
102900 0.00572299
103000 0.00635155
103100 0.00567669
103200 0.00570905
103300 0.00596622
103400 0.00579817
103500 0.0061795
103600 0.00623849
103700 0.00672036
103800 0.00707776
103900 0.00609389
104000 0.00633041
104100 0.00630549
104200 0.00537532
104300 0.00650415
104400 0.00581524
104500 0.00639471
104600 0.00611194
104700 0.00585422
104800 0.00603191
104900 0.00596496
105000 0.0061991
105100 0.00551798
105200 0.00630028
105300 0.00620524
105400 0.00617276
105500 0.00731361
105600 0.00650168
105700 0.00653615
105800 0.00594879
105900 0.00663376
106000 0.00636155
106100 0.00646397
106200 0.00639384
106300 0.00621746
106400 0.00661636
106500 0.00707353
106600 0.00582695
106700 0.00679567
106800 0.00563023
106900 0.00654894
107000 0.00690974
107100 0.00549328
107200 0.00651013
107300 0.00622888
107400 0.00631903
107500 0.00667862
107600 0.00568117
107700 0.00644431
107800 0.00572027
107900 0.00644951
108000 0.0076129
108100 0.00589005
108200 0.00575784
108300 0.00669548
108400 0.00649374
108500 0.00601644
108600 0.00671415
108700 0.00611733
108800 0.00665247
108900 0.00636423
109000 0.005555
109100 0.00659104
109200 0.00697688
109300 0.00618845
109400 0.00637057
109500 0.00605563
109600 0.00606881
109700 0.00634756
109800 0.00630472
109900 0.00658906
110000 0.00634546
110100 0.00656676
110200 0.00723424
110300 0.00597769
110400 0.00659918
110500 0.00718123
110600 0.00645001
110700 0.00650613
110800 0.00649734
110900 0.00612347
111000 0.00603589
111100 0.00636616
111200 0.00679981
111300 0.00648766
111400 0.00591996
111500 0.00668619
111600 0.00656099
111700 0.00662231
111800 0.00707658
111900 0.00700221
112000 0.00684294
112100 0.00683224
112200 0.00739602
112300 0.00680097
112400 0.00677029
112500 0.00670586
112600 0.00626941
112700 0.00633484
112800 0.00663765
112900 0.00617995
113000 0.0068192
113100 0.00687325
113200 0.0061108
113300 0.00629077
113400 0.0059115
113500 0.00645944
113600 0.0079457
113700 0.00640362
113800 0.00671477
113900 0.00652769
114000 0.00599625
114100 0.00633399
114200 0.00612853
114300 0.00680265
114400 0.00629387
114500 0.00696856
114600 0.00731231
114700 0.00660993
114800 0.00641259
114900 0.00691609
115000 0.00644889
115100 0.00649039
115200 0.00653693
115300 0.00706076
115400 0.0067427
115500 0.00665102
115600 0.00784764
115700 0.00706766
115800 0.00660083
115900 0.00733292
116000 0.00816304
116100 0.00659901
116200 0.00654246
116300 0.00698576
116400 0.00682746
116500 0.0072333
116600 0.00709286
116700 0.00679306
116800 0.00664573
116900 0.00684618
117000 0.0066773
117100 0.00771538
117200 0.0080525
117300 0.00701098
117400 0.00661026
117500 0.00650454
117600 0.00715987
117700 0.00685629
117800 0.00812155
117900 0.0062482
118000 0.00673648
118100 0.00726744
118200 0.00654971
118300 0.00722856
118400 0.00703364
118500 0.00690598
118600 0.0069625
118700 0.00667771
118800 0.00723866
118900 0.00692461
119000 0.00649126
119100 0.00698086
119200 0.00667718
119300 0.00689001
119400 0.00658616
119500 0.00692174
119600 0.00672047
119700 0.00748349
119800 0.00751124
119900 0.00695018
120000 0.00668797
120100 0.00713961
120200 0.00761365
120300 0.00599691
120400 0.00682803
120500 0.0069082
120600 0.00671795
120700 0.00714789
120800 0.00724524
120900 0.0068655
121000 0.00697053
121100 0.00704548
121200 0.00662051
121300 0.00719151
121400 0.0069835
121500 0.00668174
121600 0.00718579
121700 0.00739222
121800 0.0076703
121900 0.00695253
122000 0.00672721
122100 0.00609357
122200 0.00776112
122300 0.00729404
122400 0.00658839
122500 0.00694682
122600 0.00663617
122700 0.00703778
122800 0.00725886
122900 0.00715268
123000 0.00701356
123100 0.00691862
123200 0.00767142
123300 0.00746352
123400 0.00733095
123500 0.00753725
123600 0.0072898
123700 0.00644647
123800 0.00743591
123900 0.00617052
124000 0.00749342
124100 0.00878091
124200 0.00817637
124300 0.00757926
124400 0.00832315
124500 0.00746735
124600 0.00717057
124700 0.007315
124800 0.00731037
124900 0.00693265
125000 0.00743792
125100 0.00729491
125200 0.00746973
125300 0.00650753
125400 0.00719821
125500 0.00748083
125600 0.00635695
125700 0.00862213
125800 0.0070395
125900 0.00683521
126000 0.00669858
126100 0.00789591
126200 0.0073254
126300 0.00722431
126400 0.00710658
126500 0.00819129
126600 0.00649206
126700 0.00757905
126800 0.00766809
126900 0.00706175
127000 0.00744648
127100 0.00765459
127200 0.00771883
127300 0.00715086
127400 0.00844228
127500 0.00773442
127600 0.00724539
127700 0.00720996
127800 0.00691453
127900 0.007249
128000 0.00766868
128100 0.00719637
128200 0.00700557
128300 0.00759059
128400 0.00816711
128500 0.00728464
128600 0.00686199
128700 0.00788564
128800 0.00894295
128900 0.00717013
129000 0.00720439
129100 0.00738638
129200 0.00695898
129300 0.00727557
129400 0.00894841
129500 0.00762209
129600 0.00739914
129700 0.00673253
129800 0.00759822
129900 0.00745489
130000 0.00729948
130100 0.00808055
130200 0.00836998
130300 0.00780639
130400 0.00725126
130500 0.00792087
130600 0.00736761
130700 0.00726685
130800 0.00787669
130900 0.00851566
131000 0.00781996
131100 0.0072173
131200 0.0078894
131300 0.00769762
131400 0.00788032
131500 0.00728805
131600 0.00721118
131700 0.00791772
131800 0.00773809
131900 0.00830476
132000 0.0074531
132100 0.00766388
132200 0.00721406
132300 0.00734293
132400 0.00842792
132500 0.00961556
132600 0.00738018
132700 0.00692876
132800 0.00869709
132900 0.00816563
133000 0.00751671
133100 0.00695621
133200 0.00796475
133300 0.0080218
133400 0.0073028
133500 0.0074849
133600 0.00762361
133700 0.00745612
133800 0.00872722
133900 0.00771669
134000 0.00833094
134100 0.00953056
134200 0.00767925
134300 0.00772013
134400 0.00788354
134500 0.00770862
134600 0.00730546
134700 0.00913584
134800 0.00774458
134900 0.00769425
135000 0.00784791
135100 0.007539
135200 0.00787718
135300 0.0078469
135400 0.00758351
135500 0.00838657
135600 0.00712018
135700 0.0078299
135800 0.00798499
135900 0.00804788
136000 0.00818858
136100 0.00752522
136200 0.00786549
136300 0.00884523
136400 0.00799395
136500 0.00841328
136600 0.00855704
136700 0.00791419
136800 0.00837136
136900 0.00767161
137000 0.00814294
137100 0.00811604
137200 0.00805298
137300 0.0076812
137400 0.0080298
137500 0.00901172
137600 0.00862872
137700 0.00728906
137800 0.00820083
137900 0.00777081
138000 0.00889696
138100 0.00782212
138200 0.00958526
138300 0.00845833
138400 0.00818469
138500 0.0076114
138600 0.00756988
138700 0.00848022
138800 0.00911406
138900 0.00752443
139000 0.00821687
139100 0.00825526
139200 0.00771549
139300 0.00739062
139400 0.00795567
139500 0.00783497
139600 0.00943721
139700 0.00829285
139800 0.00762921
139900 0.00783098
140000 0.00817625
140100 0.00813999
140200 0.00746379
140300 0.00772154
140400 0.00802196
140500 0.00842784
140600 0.00737774
140700 0.0089042
140800 0.00890525
140900 0.00838691
141000 0.0086664
141100 0.00839375
141200 0.00830407
141300 0.00760845
141400 0.00799714
141500 0.0081371
141600 0.00907711
141700 0.00881525
141800 0.00816369
141900 0.00879859
142000 0.00856482
142100 0.00798418
142200 0.00821562
142300 0.00824074
142400 0.00827624
142500 0.00794694
142600 0.00793904
142700 0.0080805
142800 0.00826386
142900 0.00909676
143000 0.00759025
143100 0.00809031
143200 0.00800904
143300 0.00879434
143400 0.0077588
143500 0.00835228
143600 0.0089425
143700 0.00887429
143800 0.00829791
143900 0.00805224
144000 0.00818871
144100 0.00844796
144200 0.00869591
144300 0.00971608
144400 0.00766801
144500 0.00781575
144600 0.00817256
144700 0.00820796
144800 0.0078599
144900 0.00821529
145000 0.00828194
145100 0.00774552
145200 0.00849592
145300 0.00818849
145400 0.00927758
145500 0.00822227
145600 0.00829196
145700 0.00914482
145800 0.00896748
145900 0.00789054
146000 0.00772611
146100 0.00773439
146200 0.00803938
146300 0.008374
146400 0.00785812
146500 0.00842891
146600 0.00862181
146700 0.00802759
146800 0.00862002
146900 0.00823102
147000 0.00882563
147100 0.00901105
147200 0.0090986
147300 0.00841331
147400 0.00857122
147500 0.00829045
147600 0.00837026
147700 0.00819993
147800 0.00805744
147900 0.00927073
148000 0.00832064
148100 0.00837556
148200 0.00969816
148300 0.00911188
148400 0.0093488
148500 0.00812123
148600 0.00785088
148700 0.00824275
148800 0.00977505
148900 0.00972279
149000 0.00906751
149100 0.00891758
149200 0.00854699
149300 0.00909499
149400 0.00920073
149500 0.00872498
149600 0.00924315
149700 0.00881184
149800 0.0102072
149900 0.00928151
150000 0.00908336
150100 0.00944477
150200 0.00833744
150300 0.00957623
150400 0.00859044
150500 0.00839961
150600 0.00830375
150700 0.00805659
150800 0.00879063
150900 0.00918197
151000 0.00878714
151100 0.00841203
151200 0.00889496
151300 0.00822389
151400 0.0093812
151500 0.00872347
151600 0.0085851
151700 0.00929299
151800 0.00857409
151900 0.00788268
152000 0.00895703
152100 0.00866617
152200 0.00867048
152300 0.00865486
152400 0.00829463
152500 0.00934006
152600 0.00852477
152700 0.00845866
152800 0.00860582
152900 0.00824535
153000 0.00908802
153100 0.00882473
153200 0.00896965
153300 0.00916413
153400 0.00881513
153500 0.00855394
153600 0.00905298
153700 0.00953721
153800 0.00830058
153900 0.00979261
154000 0.00882277
154100 0.00926776
154200 0.00994125
154300 0.00892746
154400 0.00893456
154500 0.00896222
154600 0.00956219
154700 0.00972913
154800 0.00888718
154900 0.00918752
155000 0.00863151
155100 0.00948606
155200 0.00907907
155300 0.00883056
155400 0.00905149
155500 0.00924921
155600 0.00908897
155700 0.0110653
155800 0.0089063
155900 0.00871472
156000 0.00859547
156100 0.0100585
156200 0.00871566
156300 0.00946179
156400 0.00841072
156500 0.00876844
156600 0.00940597
156700 0.00923658
156800 0.00899517
156900 0.00916181
157000 0.00940989
157100 0.00892573
157200 0.00984891
157300 0.0101917
157400 0.00927138
157500 0.00877303
157600 0.00911723
157700 0.0099416
157800 0.00908607
157900 0.00966278
158000 0.00952786
158100 0.00865135
158200 0.00875595
158300 0.00932082
158400 0.00939046
158500 0.00929038
158600 0.00863652
158700 0.00846505
158800 0.00907741
158900 0.009104
159000 0.00876091
159100 0.00930175
159200 0.00913142
159300 0.00935718
159400 0.0100378
159500 0.00874416
159600 0.00968061
159700 0.00874405
159800 0.00817083
159900 0.0093751
160000 0.009755
160100 0.00934409
160200 0.00940667
160300 0.0092792
160400 0.00932049
160500 0.00856606
160600 0.00887674
160700 0.00925189
160800 0.00887767
160900 0.00896063
161000 0.00926608
161100 0.00900962
161200 0.00952784
161300 0.00943096
161400 0.00867602
161500 0.00842655
161600 0.00886064
161700 0.00926696
161800 0.0100376
161900 0.00922285
162000 0.00960884
162100 0.00952561
162200 0.00883441
162300 0.00852165
162400 0.0100269
162500 0.00947492
162600 0.00943152
162700 0.00943283
162800 0.00949265
162900 0.00956185
163000 0.00891153
163100 0.00949844
163200 0.00983718
163300 0.0112174
163400 0.00897885
163500 0.00895133
163600 0.00920159
163700 0.0100768
163800 0.00944984
163900 0.00882596
164000 0.0105331
164100 0.00922151
164200 0.00955749
164300 0.0105764
164400 0.0093035
164500 0.00819678
164600 0.00931889
164700 0.00929914
164800 0.0101722
164900 0.00964966
165000 0.00920452
165100 0.00908641
165200 0.00884202
165300 0.0101282
165400 0.00990291
165500 0.00879112
165600 0.00905131
165700 0.00924989
165800 0.00986125
165900 0.00972064
166000 0.0118008
166100 0.00959534
166200 0.0100417
166300 0.00879065
166400 0.00998507
166500 0.00970784
166600 0.00926184
166700 0.0100645
166800 0.00984107
166900 0.0099054
167000 0.00848312
167100 0.00973417
167200 0.00978536
167300 0.00956577
167400 0.0098489
167500 0.00905685
167600 0.00999853
167700 0.00980936
167800 0.00991334
167900 0.0093729
168000 0.0119826
168100 0.0100558
168200 0.00981558
168300 0.00947669
168400 0.00912687
168500 0.010206
168600 0.00933185
168700 0.011063
168800 0.0106318
168900 0.00973712
169000 0.00980552
169100 0.010001
169200 0.00981005
169300 0.0110045
169400 0.010156
169500 0.0107169
169600 0.00923497
169700 0.00897911
169800 0.0108301
169900 0.00975125
170000 0.00994994
170100 0.0102418
170200 0.010404
170300 0.00994558
170400 0.00977114
170500 0.00910514
170600 0.00944701
170700 0.0100119
170800 0.00931238
170900 0.00968302
171000 0.0106195
171100 0.00976603
171200 0.0122109
171300 0.00994898
171400 0.00942218
171500 0.0101614
171600 0.00948076
171700 0.00982651
171800 0.00980741
171900 0.00967972
172000 0.0103755
172100 0.00977575
172200 0.0101151
172300 0.00970889
172400 0.00906694
172500 0.0109328
172600 0.0101594
172700 0.0100933
172800 0.0103961
172900 0.00978178
173000 0.00926614
173100 0.00970442
173200 0.0100963
173300 0.0103353
173400 0.00982981
173500 0.0107247
173600 0.0101845
173700 0.00966167
173800 0.00960895
173900 0.0110016
174000 0.00966614
174100 0.012086
174200 0.00988303
174300 0.0109857
174400 0.0100015
174500 0.00933412
174600 0.0118722
174700 0.0102096
174800 0.00964882
174900 0.0102989
175000 0.0109286
175100 0.0101732
175200 0.00978093
175300 0.0106292
175400 0.0100644
175500 0.0107634
175600 0.010112
175700 0.0101317
175800 0.0115624
175900 0.0113548
176000 0.00978464
176100 0.00986596
176200 0.0109454
176300 0.0106499
176400 0.00998507
176500 0.00985208
176600 0.0113873
176700 0.0125249
176800 0.0105883
176900 0.0110883
177000 0.0100824
177100 0.0104238
177200 0.0101364
177300 0.0104167
177400 0.00984737
177500 0.0100052
177600 0.0109008
177700 0.0101671
177800 0.0104548
177900 0.0101523
178000 0.0105976
178100 0.0101695
178200 0.0107086
178300 0.00985775
178400 0.0104596
178500 0.00975226
178600 0.00954882
178700 0.01012
178800 0.0113324
178900 0.0111698
179000 0.00949702
179100 0.0107053
179200 0.0101722
179300 0.00983482
179400 0.0115804
179500 0.0106312
179600 0.0121165
179700 0.0107178
179800 0.0102082
179900 0.0109021
180000 0.0104998
180100 0.010142
180200 0.0100146
180300 0.0102276
180400 0.00999319
180500 0.010064
180600 0.0103116
180700 0.0106296
180800 0.0110868
180900 0.0102979
181000 0.0104434
181100 0.0103235
181200 0.010679
181300 0.00956592
181400 0.010163
181500 0.00986138
181600 0.0111107
181700 0.00981377
181800 0.0103448
181900 0.0103237
182000 0.0120382
182100 0.0112401
182200 0.0103249
182300 0.0116964
182400 0.0107819
182500 0.0108395
182600 0.0114251
182700 0.0117221
182800 0.0101433
182900 0.0102042
183000 0.0112863
183100 0.0110555
183200 0.0115249
183300 0.0112394
183400 0.0100666
183500 0.0109343
183600 0.0121245
183700 0.0113839
183800 0.0107637
183900 0.0107774
184000 0.010272
184100 0.0107275
184200 0.0107479
184300 0.0107973
184400 0.0104813
184500 0.0101946
184600 0.0117151
184700 0.0108229
184800 0.0115251
184900 0.0119434
185000 0.0102696
185100 0.0103796
185200 0.00947083
185300 0.0106002
185400 0.0105981
185500 0.0109681
185600 0.0105104
185700 0.0119068
185800 0.0111954
185900 0.0102863
186000 0.0111158
186100 0.0108332
186200 0.0129258
186300 0.0106032
186400 0.0115547
186500 0.012067
186600 0.0120044
186700 0.0102661
186800 0.0106195
186900 0.0105309
187000 0.0104292
187100 0.010456
187200 0.0124265
187300 0.0122453
187400 0.0125402
187500 0.0108267
187600 0.01013
187700 0.0121665
187800 0.0104907
187900 0.0114396
188000 0.0123271
188100 0.0106657
188200 0.0105403
188300 0.0105484
188400 0.0107984
188500 0.0115899
188600 0.0102061
188700 0.0103198
188800 0.01281
188900 0.0100523
189000 0.0104451
189100 0.0115218
189200 0.0104332
189300 0.0105235
189400 0.0107679
189500 0.0108548
189600 0.0113051
189700 0.0108361
189800 0.011191
189900 0.0122606
190000 0.0108927
190100 0.0116167
190200 0.0131201
190300 0.0104212
190400 0.0107771
190500 0.0109585
190600 0.0116546
190700 0.0113622
190800 0.0109907
190900 0.0111183
191000 0.0123822
191100 0.0124351
191200 0.0125096
191300 0.0113302
191400 0.0107998
191500 0.0112044
191600 0.0111742
191700 0.0117725
191800 0.0110798
191900 0.0111708
192000 0.0107324
192100 0.0113185
192200 0.0108819
192300 0.0106901
192400 0.0109649
192500 0.0107062
192600 0.0121451
192700 0.0111176
192800 0.0124132
192900 0.0127288
193000 0.012081
193100 0.0111394
193200 0.0113006
193300 0.0112641
193400 0.0110291
193500 0.0115037
193600 0.010915
193700 0.012669
193800 0.0114078
193900 0.0115851
194000 0.0121284
194100 0.0120625
194200 0.0119171
194300 0.0103718
194400 0.011654
194500 0.0107501
194600 0.0119033
194700 0.0108637
194800 0.0129332
194900 0.0127227
195000 0.0122658
195100 0.0109421
195200 0.0110315
195300 0.0111346
195400 0.0125727
195500 0.0115377
195600 0.0113893
195700 0.0117209
195800 0.0112988
195900 0.0117546
196000 0.0117333
196100 0.0111893
196200 0.0110164
196300 0.0114172
196400 0.0120002
196500 0.011036
196600 0.010682
196700 0.0143215
196800 0.0122887
196900 0.0107927
197000 0.0122274
197100 0.0110925
197200 0.0115326
197300 0.0110196
197400 0.0114653
197500 0.0114113
197600 0.0114284
197700 0.0117336
197800 0.0111743
197900 0.0111862
198000 0.0121514
198100 0.0123791
198200 0.0115473
198300 0.0113949
198400 0.0122041
198500 0.0113604
198600 0.0123827
198700 0.0123263
198800 0.0124951
198900 0.0122132
199000 0.0105347
199100 0.0116281
199200 0.011661
199300 0.0114578
199400 0.0120692
199500 0.0116337
199600 0.0121707
199700 0.011476
199800 0.0122034
199900 0.0115419
200000 0.0117515
