100 8.168e-06
200 1.4088e-05
300 1.8424e-05
400 2.3981e-05
500 2.9459e-05
600 3.4611e-05
700 3.9916e-05
800 4.4233e-05
900 5.0631e-05
1000 5.4781e-05
1100 5.9539e-05
1200 8.4394e-05
1300 7.0034e-05
1400 7.5021e-05
1500 8.0942e-05
1600 8.6508e-05
1700 9.1427e-05
1800 9.7249e-05
1900 0.000102847
2000 0.000108851
2100 0.000116368
2200 0.000119136
2300 0.000128288
2400 0.000133818
2500 0.000136816
2600 0.000143897
2700 0.000154972
2800 0.00015102
2900 0.000153533
3000 0.000161859
3100 0.000168059
3200 0.000168476
3300 0.00017235
3400 0.00020047
3500 0.000185591
3600 0.000196002
3700 0.00019656
3800 0.000200765
3900 0.00021223
4000 0.000228381
4100 0.00022386
4200 0.000223602
4300 0.000225723
4400 0.000229523
4500 0.000229221
4600 0.000241542
4700 0.000254279
4800 0.000255168
4900 0.00025641
5000 0.000265046
5100 0.00026447
5200 0.000268755
5300 0.000276197
5400 0.000273015
5500 0.000283632
5600 0.000280088
5700 0.000297934
5800 0.000295806
5900 0.00031493
6000 0.000316542
6100 0.000317999
6200 0.000315301
6300 0.000322963
6400 0.000335721
6500 0.00032877
6600 0.000330656
6700 0.000334947
6800 0.00034102
6900 0.000352975
7000 0.000348364
7100 0.000363444
7200 0.00035844
7300 0.000368778
7400 0.000385683
7500 0.000383466
7600 0.000380743
7700 0.000395573
7800 0.000393796
7900 0.000396047
8000 0.00040466
8100 0.00041737
8200 0.000407864
8300 0.000418431
8400 0.000446146
8500 0.000461452
8600 0.000437092
8700 0.000442861
8800 0.000446024
8900 0.00044706
9000 0.000455796
9100 0.000451739
9200 0.000465265
9300 0.000469502
9400 0.000468643
9500 0.000470953
9600 0.000472612
9700 0.000486172
9800 0.000484947
9900 0.000492886
10000 0.000500369
10100 0.000507515
10200 0.000516943
10300 0.000545851
10400 0.000525643
10500 0.000516002
10600 0.000547952
10700 0.000565151
10800 0.000545531
10900 0.000559471
11000 0.000583421
11100 0.000749285
11200 0.000558566
11300 0.000564644
11400 0.000567897
11500 0.000562545
11600 0.00058336
11700 0.000602547
11800 0.000584999
11900 0.000596908
12000 0.000591966
12100 0.000606549
12200 0.00061463
12300 0.000618693
12400 0.000624003
12500 0.000620237
12600 0.000628072
12700 0.000632694
12800 0.000671863
12900 0.000651337
13000 0.000645969
13100 0.000650452
13200 0.000663822
13300 0.000644926
13400 0.000659812
13500 0.000681633
13600 0.000687429
13700 0.000685095
13800 0.000720909
13900 0.000699269
14000 0.000687484
14100 0.00068391
14200 0.000689881
14300 0.000710356
14400 0.000730984
14500 0.000727229
14600 0.000728851
14700 0.000744931
14800 0.000730062
14900 0.000744766
15000 0.000725655
15100 0.000748397
15200 0.000763684
15300 0.000761631
15400 0.000771999
15500 0.00076608
15600 0.000768768
15700 0.000946708
15800 0.000793377
15900 0.000790721
16000 0.000809115
16100 0.000780649
16200 0.0008227
16300 0.000801362
16400 0.000806361
16500 0.000831656
16600 0.000841559
16700 0.000783443
16800 0.000820128
16900 0.00090061
17000 0.000845733
17100 0.0008585
17200 0.000859277
17300 0.000849605
17400 0.000869794
17500 0.000877388
17600 0.000888958
17700 0.000884792
17800 0.000886491
17900 0.000884866
18000 0.00103662
18100 0.000890032
18200 0.000886885
18300 0.000902393
18400 0.000930589
18500 0.000912398
18600 0.000926533
18700 0.000929399
18800 0.000930335
18900 0.00092324
19000 0.000969773
19100 0.000941424
19200 0.000924754
19300 0.000941953
19400 0.000974776
19500 0.000940439
19600 0.000948966
19700 0.000971844
19800 0.000975992
19900 0.000988583
20000 0.00134395
20100 0.00209963
20200 0.00100984
20300 0.00101093
20400 0.000990322
20500 0.000995848
20600 0.000997302
20700 0.00106379
20800 0.00123517
20900 0.00106135
21000 0.00105049
21100 0.00103501
21200 0.00107056
21300 0.00105162
21400 0.00106008
21500 0.00105073
21600 0.00106362
21700 0.00106829
21800 0.00104663
21900 0.00107318
22000 0.00109223
22100 0.00106823
22200 0.00108194
22300 0.00110732
22400 0.00111165
22500 0.00203639
22600 0.00114773
22700 0.00110904
22800 0.00108678
22900 0.00118368
23000 0.00110842
23100 0.00113176
23200 0.00112191
23300 0.0011484
23400 0.00114521
23500 0.00114069
23600 0.00115575
23700 0.00112162
23800 0.0012432
23900 0.00119108
24000 0.00123976
24100 0.00123969
24200 0.0012164
24300 0.00121892
24400 0.00126396
24500 0.00117628
24600 0.00119313
24700 0.00126259
24800 0.00122519
24900 0.00123365
25000 0.00119536
25100 0.00128205
25200 0.00129068
25300 0.00122072
25400 0.0012431
25500 0.00121218
25600 0.00125222
25700 0.00125342
25800 0.00125011
25900 0.00128409
26000 0.00131065
26100 0.00128865
26200 0.00131091
26300 0.00128938
26400 0.00126451
26500 0.00130217
26600 0.00121254
26700 0.0013737
26800 0.00130915
26900 0.00131935
27000 0.00142985
27100 0.00137279
27200 0.00136528
27300 0.00132976
27400 0.00135054
27500 0.00132807
27600 0.00137483
27700 0.00135425
27800 0.00135484
27900 0.0013813
28000 0.00137947
28100 0.00152818
28200 0.0013444
28300 0.00142277
28400 0.0013766
28500 0.00141308
28600 0.00139488
28700 0.00146146
28800 0.00169258
28900 0.00145375
29000 0.00142913
29100 0.00143733
29200 0.00145984
29300 0.00155294
29400 0.00145405
29500 0.00145056
29600 0.00140463
29700 0.00142515
29800 0.00146133
29900 0.00155483
30000 0.00150912
30100 0.00152136
30200 0.00150089
30300 0.00153501
30400 0.00149995
30500 0.00149809
30600 0.00388152
30700 0.00145749
30800 0.00150787
30900 0.00154055
31000 0.0015644
31100 0.0015285
31200 0.0014737
31300 0.00157117
31400 0.00160435
31500 0.00153631
31600 0.00149216
31700 0.00155921
31800 0.00154772
31900 0.00244753
32000 0.00152307
32100 0.00156475
32200 0.00157254
32300 0.00153177
32400 0.00154361
32500 0.0015685
32600 0.00159062
32700 0.0015922
32800 0.00169851
32900 0.00163051
33000 0.00159878
33100 0.0016537
33200 0.00165217
33300 0.00163823
33400 0.0016202
33500 0.0016236
33600 0.00190322
33700 0.00168495
33800 0.00173541
33900 0.00174131
34000 0.00171583
34100 0.00168406
34200 0.00162429
34300 0.00163689
34400 0.00174004
34500 0.00160763
34600 0.00170308
34700 0.00174306
34800 0.00164797
34900 0.00175831
35000 0.00173337
35100 0.00164175
35200 0.00173284
35300 0.00172445
35400 0.00166704
35500 0.00166133
35600 0.00167128
35700 0.00172159
35800 0.00218382
35900 0.00171141
36000 0.00175164
36100 0.0016859
36200 0.00174214
36300 0.00170064
36400 0.00219238
36500 0.00172848
36600 0.00173529
36700 0.00173244
36800 0.00175645
36900 0.00174991
37000 0.00172706
37100 0.0017063
37200 0.00189963
37300 0.00179992
37400 0.00178256
37500 0.00181813
37600 0.00179764
37700 0.00174182
37800 0.00180128
37900 0.00186358
38000 0.00186466
38100 0.00211855
38200 0.00181955
38300 0.00182885
38400 0.00183891
38500 0.00189204
38600 0.00183515
38700 0.00180279
38800 0.00186341
38900 0.00184582
39000 0.0018472
39100 0.00185061
39200 0.00195983
39300 0.00188524
39400 0.00185903
39500 0.00193149
39600 0.00190182
39700 0.00194076
39800 0.00188668
39900 0.00200181
40000 0.00200575
40100 0.0020988
40200 0.00198913
40300 0.00190955
40400 0.0019765
40500 0.00208353
40600 0.00191629
40700 0.00193689
40800 0.00188218
40900 0.00210038
41000 0.00193739
41100 0.00202213
41200 0.00191026
41300 0.00195744
41400 0.00192618
41500 0.00202512
41600 0.00206523
41700 0.00198164
41800 0.00226078
41900 0.00206834
42000 0.00203862
42100 0.00205914
42200 0.00206154
42300 0.00209276
42400 0.00200177
42500 0.00205321
42600 0.00406929
42700 0.00210555
42800 0.00207616
42900 0.00214302
43000 0.00198559
43100 0.00206021
43200 0.00222347
43300 0.00202937
43400 0.002066
43500 0.00205443
43600 0.00211957
43700 0.00209835
43800 0.00214174
43900 0.00206539
44000 0.00206107
44100 0.00202838
44200 0.00217361
44300 0.00208386
44400 0.00205882
44500 0.00215968
44600 0.00214645
44700 0.00205022
44800 0.00207165
44900 0.00209372
45000 0.00214489
45100 0.00216463
45200 0.0021453
45300 0.00211225
45400 0.0022003
45500 0.00210723
45600 0.00217826
45700 0.00214179
45800 0.00218061
45900 0.00213523
46000 0.00216211
46100 0.00220207
46200 0.00218958
46300 0.00217926
46400 0.00222524
46500 0.00219368
46600 0.00222533
46700 0.0022129
46800 0.00225204
46900 0.00218469
47000 0.00228234
47100 0.00223614
47200 0.00227779
47300 0.00229682
47400 0.00221007
47500 0.0023016
47600 0.00231612
47700 0.00221937
47800 0.00219606
47900 0.00226106
48000 0.00331188
48100 0.00220162
48200 0.00226146
48300 0.00228884
48400 0.00233414
48500 0.00226595
48600 0.00233769
48700 0.00227817
48800 0.00232338
48900 0.00243412
49000 0.00230698
49100 0.00235678
49200 0.00235824
49300 0.00239299
49400 0.00231137
49500 0.00244173
49600 0.00236696
49700 0.00231881
49800 0.00246143
49900 0.00242795
50000 0.00233327
50100 0.00266014
50200 0.00239808
50300 0.00234752
50400 0.00238282
50500 0.00236336
50600 0.00247705
50700 0.00235146
50800 0.00249353
50900 0.00240498
51000 0.0025517
51100 0.00252811
51200 0.00239135
51300 0.00243679
51400 0.0024651
51500 0.00241579
51600 0.00247791
51700 0.00250685
51800 0.00252181
51900 0.00254674
52000 0.00346909
52100 0.00247543
52200 0.00419962
52300 0.00264424
52400 0.00261099
52500 0.00244018
52600 0.00252878
52700 0.00295435
52800 0.00257611
52900 0.00259749
53000 0.00242108
53100 0.00245653
53200 0.00244039
53300 0.00264445
53400 0.00247603
53500 0.0025154
53600 0.00278013
53700 0.00256203
53800 0.00259898
53900 0.00247257
54000 0.00250486
54100 0.00263109
54200 0.00266553
54300 0.00263899
54400 0.00258105
54500 0.00256632
54600 0.00254817
54700 0.00261783
54800 0.00264271
54900 0.00275777
55000 0.00256863
55100 0.0026303
55200 0.00269177
55300 0.00257505
55400 0.00261364
55500 0.00264939
55600 0.00264342
55700 0.0025888
55800 0.0026896
55900 0.00261515
56000 0.00263297
56100 0.00272077
56200 0.00282322
56300 0.00268669
56400 0.00268035
56500 0.0026236
56600 0.00277227
56700 0.00264307
56800 0.0026622
56900 0.00277766
57000 0.00264446
57100 0.00268974
57200 0.00309354
57300 0.0026561
57400 0.00276006
57500 0.00273441
57600 0.00302025
57700 0.00290901
57800 0.00264896
57900 0.00277679
58000 0.00267103
58100 0.00277682
58200 0.00273424
58300 0.00276726
58400 0.00278568
58500 0.00426235
58600 0.00311617
58700 0.00284812
58800 0.00288234
58900 0.00283504
59000 0.00280768
59100 0.00273882
59200 0.00286883
59300 0.00283511
59400 0.00288317
59500 0.00274069
59600 0.00285293
59700 0.00283632
59800 0.00291071
59900 0.00292232
60000 0.00284954
60100 0.00279846
60200 0.00336312
60300 0.00392263
60400 0.00297879
60500 0.00291758
60600 0.00284983
60700 0.0030101
60800 0.00295038
60900 0.00285262
61000 0.00295312
61100 0.00307828
61200 0.00283694
61300 0.00297427
61400 0.00297844
61500 0.00289507
61600 0.00300828
61700 0.0029164
61800 0.00295946
61900 0.00324177
62000 0.00298026
62100 0.00298755
62200 0.00319682
62300 0.00295989
62400 0.00300067
62500 0.00312071
62600 0.00296297
62700 0.00287558
62800 0.00315064
62900 0.00310277
63000 0.00295854
63100 0.00293092
63200 0.00299953
63300 0.00311715
63400 0.00295179
63500 0.00302896
63600 0.00347679
63700 0.00328352
63800 0.00310712
63900 0.00311294
64000 0.00301592
64100 0.00321843
64200 0.00330396
64300 0.00299956
64400 0.00302438
64500 0.00341869
64600 0.00306845
64700 0.00310291
64800 0.00293139
64900 0.00323483
65000 0.00296326
65100 0.00296781
65200 0.00326459
65300 0.00303304
65400 0.00470677
65500 0.00320227
65600 0.00311131
65700 0.00320121
65800 0.00308786
65900 0.00309216
66000 0.00326091
66100 0.00313983
66200 0.0031081
66300 0.00326309
66400 0.00311269
66500 0.00304932
66600 0.00314579
66700 0.00315976
66800 0.00312149
66900 0.00327149
67000 0.00326579
67100 0.00322208
67200 0.00335574
67300 0.00325882
67400 0.00323796
67500 0.00323505
67600 0.003211
67700 0.00324933
67800 0.00323374
67900 0.00323474
68000 0.00332973
68100 0.00311183
68200 0.00324207
68300 0.00327846
68400 0.00355265
68500 0.00363053
68600 0.00359917
68700 0.0035377
68800 0.00361579
68900 0.00362175
69000 0.0036684
69100 0.00355812
69200 0.00366761
69300 0.0037261
69400 0.00359485
69500 0.00363487
69600 0.00582757
69700 0.00358843
69800 0.00358848
69900 0.00358858
70000 0.00368185
70100 0.00376388
70200 0.00367354
70300 0.00376763
70400 0.00388123
70500 0.00371805
70600 0.00390357
70700 0.00386476
70800 0.00370122
70900 0.00348472
71000 0.00393246
71100 0.00367227
71200 0.00380377
71300 0.0037056
71400 0.00353585
71500 0.00374483
71600 0.00374083
71700 0.00362707
71800 0.00376801
71900 0.00365442
72000 0.00381655
72100 0.0037276
72200 0.00378182
72300 0.00352321
72400 0.00726857
72500 0.00382676
72600 0.003903
72700 0.0039327
72800 0.00381111
72900 0.00368343
73000 0.00391442
73100 0.00413971
73200 0.00409127
73300 0.00371957
73400 0.00398754
73500 0.00378312
73600 0.0037905
73700 0.00399916
73800 0.00383695
73900 0.00401591
74000 0.00403779
74100 0.00391078
74200 0.00376658
74300 0.00385821
74400 0.00377303
74500 0.00394467
74600 0.00385464
74700 0.00399244
74800 0.00395323
74900 0.00394657
75000 0.00382125
75100 0.00399233
75200 0.00378575
75300 0.00398883
75400 0.00403156
75500 0.00390631
75600 0.00415072
75700 0.00390659
75800 0.00399942
75900 0.00385671
76000 0.00403395
76100 0.00397915
76200 0.00393042
76300 0.00402025
76400 0.0040512
76500 0.00407536
76600 0.00389528
76700 0.00428567
76800 0.00400253
76900 0.0041635
77000 0.00426613
77100 0.00393517
77200 0.00408238
77300 0.00412237
77400 0.00410926
77500 0.00397066
77600 0.00399362
77700 0.00405736
77800 0.00390084
77900 0.0040456
78000 0.00419225
78100 0.00402868
78200 0.0043269
78300 0.00457496
78400 0.00393995
78500 0.00407794
78600 0.00396165
78700 0.00407747
78800 0.00412383
78900 0.00411872
79000 0.0039261
79100 0.00420701
79200 0.00380781
79300 0.00416402
79400 0.00423246
79500 0.00408518
79600 0.00423035
79700 0.0039924
79800 0.00432713
79900 0.00413504
80000 0.00438994
80100 0.00574484
80200 0.00417163
80300 0.00405243
80400 0.00396992
80500 0.0042883
80600 0.00405457
80700 0.0043189
80800 0.00400655
80900 0.00409671
81000 0.0043073
81100 0.00431452
81200 0.00411576
81300 0.00427608
81400 0.00427712
81500 0.00431108
81600 0.00478558
81700 0.00381059
81800 0.00384484
81900 0.00380293
82000 0.00396885
82100 0.00386585
82200 0.00379985
82300 0.00400105
82400 0.00384403
82500 0.0040003
82600 0.00392148
82700 0.00386867
82800 0.00426914
82900 0.00395852
83000 0.00412188
83100 0.00387982
83200 0.00387478
83300 0.00408581
83400 0.00395182
83500 0.00392844
83600 0.00393077
83700 0.00399844
83800 0.00419004
83900 0.00401468
84000 0.0037634
84100 0.00410558
84200 0.00414062
84300 0.00395077
84400 0.00484414
84500 0.00399486
84600 0.00384989
84700 0.00460669
84800 0.0040589
84900 0.00416696
85000 0.00410957
85100 0.00421579
85200 0.00394604
85300 0.00413032
85400 0.00383821
85500 0.00403283
85600 0.00405935
85700 0.00408372
85800 0.00404429
85900 0.004168
86000 0.0042736
86100 0.00396096
86200 0.00406879
86300 0.00402487
86400 0.00402718
86500 0.00401051
86600 0.00407876
86700 0.00428451
86800 0.00413321
86900 0.00410515
87000 0.00408319
87100 0.00440862
87200 0.00416727
87300 0.00430205
87400 0.00443853
87500 0.00427349
87600 0.00432223
87700 0.00427616
87800 0.00444008
87900 0.00412838
88000 0.00433255
88100 0.004016
88200 0.00419501
88300 0.00409163
88400 0.00427149
88500 0.00405696
88600 0.00447186
88700 0.00411771
88800 0.00417552
88900 0.00485073
89000 0.00419161
89100 0.00402462
89200 0.00421643
89300 0.0041801
89400 0.00432265
89500 0.00442131
89600 0.00421554
89700 0.00419096
89800 0.00440399
89900 0.00416395
90000 0.0048124
90100 0.00428677
90200 0.00425297
90300 0.00417425
90400 0.00422588
90500 0.00439258
90600 0.00401865
90700 0.0047558
90800 0.00425444
90900 0.00444573
91000 0.00431579
91100 0.0045701
91200 0.00423037
91300 0.00425551
91400 0.00437862
91500 0.00510356
91600 0.00457434
91700 0.00449134
91800 0.00435048
91900 0.00440635
92000 0.00443676
92100 0.0046275
92200 0.0044235
92300 0.0043253
92400 0.00432914
92500 0.00432055
92600 0.00449531
92700 0.00462929
92800 0.00446772
92900 0.00430125
93000 0.00431977
93100 0.00451182
93200 0.00434456
93300 0.0045768
93400 0.00436795
93500 0.00453922
93600 0.00446874
93700 0.00481715
93800 0.00440099
93900 0.00450977
94000 0.00465171
94100 0.0045454
94200 0.00440964
94300 0.00476805
94400 0.00421915
94500 0.00487824
94600 0.00461443
94700 0.00515973
94800 0.00466873
94900 0.0050873
95000 0.0045486
95100 0.00523742
95200 0.00511012
95300 0.00509651
95400 0.00467351
95500 0.00498451
95600 0.00464501
95700 0.00490251
95800 0.00458132
95900 0.00481951
96000 0.00452457
96100 0.00499072
96200 0.00472952
96300 0.00483129
96400 0.0046953
96500 0.00506285
96600 0.00497417
96700 0.00477422
96800 0.0049551
96900 0.0048449
97000 0.00480034
97100 0.00487258
97200 0.00490844
97300 0.00518954
97400 0.00490948
97500 0.00498684
97600 0.00497002
97700 0.00491158
97800 0.00482813
97900 0.00506838
98000 0.00485994
98100 0.0051269
98200 0.00512194
98300 0.00510143
98400 0.00477761
98500 0.00516868
98600 0.00486354
98700 0.0050489
98800 0.0050814
98900 0.00509959
99000 0.0050015
99100 0.00526221
99200 0.00515512
99300 0.00508972
99400 0.0050296
99500 0.00510895
99600 0.00526311
99700 0.004853
99800 0.00526615
99900 0.00455298
100000 0.00488113
100100 0.00536816
100200 0.00514885
100300 0.00480714
100400 0.00523094
100500 0.0049544
100600 0.00517713
100700 0.00518601
100800 0.00538105
100900 0.00502818
101000 0.00552531
101100 0.00548199
101200 0.0048027
101300 0.00525075
101400 0.0049944
101500 0.00532687
101600 0.0051666
101700 0.00526949
101800 0.0055724
101900 0.00513029
102000 0.00489301
102100 0.00532791
102200 0.00485239
102300 0.00519549
102400 0.00517862
102500 0.0053528
102600 0.0049069
102700 0.00494501
102800 0.00515507
102900 0.0049691
103000 0.00509075
103100 0.00516494
103200 0.00513354
103300 0.00514334
103400 0.00522382
103500 0.0053428
103600 0.00521257
103700 0.00530967
103800 0.00512341
103900 0.00511482
104000 0.00513645
104100 0.00495382
104200 0.00567496
104300 0.00520137
104400 0.00565198
104500 0.00544471
104600 0.00534762
104700 0.00528856
104800 0.0052793
104900 0.00546208
105000 0.0054329
105100 0.00516459
105200 0.00557526
105300 0.00528777
105400 0.00547838
105500 0.00507237
105600 0.0055883
105700 0.00512921
105800 0.00555987
105900 0.00524244
106000 0.00553868
106100 0.00519472
106200 0.00536654
106300 0.00475117
106400 0.00501597
106500 0.00524817
106600 0.0050917
106700 0.0051511
106800 0.00498203
106900 0.00508334
107000 0.00492777
107100 0.00521245
107200 0.00506247
107300 0.00497687
107400 0.00515726
107500 0.0050694
107600 0.0049813
107700 0.00508634
107800 0.00508017
107900 0.00500792
108000 0.00534208
108100 0.00522712
108200 0.00509014
108300 0.00490556
108400 0.00525366
108500 0.00503929
108600 0.00501371
108700 0.00496798
108800 0.00525877
108900 0.00497409
109000 0.00535917
109100 0.0050792
109200 0.0051978
109300 0.00479735
109400 0.00522996
109500 0.00520629
109600 0.00546161
109700 0.00542876
109800 0.00526421
109900 0.00538354
110000 0.00490607
110100 0.00525334
110200 0.00516218
110300 0.00536512
110400 0.00569515
110500 0.00537774
110600 0.00509343
110700 0.00499318
110800 0.00540219
110900 0.0052163
111000 0.00530361
111100 0.00491132
111200 0.00545278
111300 0.00503153
111400 0.005617
111500 0.00512661
111600 0.00563898
111700 0.00508556
111800 0.00546474
111900 0.0053886
112000 0.00519914
112100 0.00538533
112200 0.00519322
112300 0.00531428
112400 0.00586133
112500 0.00543357
112600 0.00543656
112700 0.00537311
112800 0.00546647
112900 0.00557542
113000 0.00527038
113100 0.00515964
113200 0.00548807
113300 0.00538466
113400 0.00563192
113500 0.00505897
113600 0.00586055
113700 0.00638011
113800 0.00562933
113900 0.00528169
114000 0.00566695
114100 0.00525548
114200 0.00521993
114300 0.00536233
114400 0.00536091
114500 0.00580793
114600 0.00537456
114700 0.00571046
114800 0.00499073
114900 0.00589393
115000 0.00551067
115100 0.00555511
115200 0.00496129
115300 0.00534133
115400 0.00556115
115500 0.00525196
115600 0.00570283
115700 0.00567791
115800 0.00525909
115900 0.00571231
116000 0.00555236
116100 0.00570029
116200 0.00536894
116300 0.00566366
116400 0.00516153
116500 0.00573807
116600 0.0057268
116700 0.00579441
116800 0.0058577
116900 0.00522471
117000 0.00567354
117100 0.00559121
117200 0.00588006
117300 0.00570763
117400 0.00604045
117500 0.005786
117600 0.00583821
117700 0.00579675
117800 0.00592928
117900 0.00567849
118000 0.0062744
118100 0.00605311
118200 0.00605537
118300 0.00600015
118400 0.00564046
118500 0.00614128
118600 0.00571264
118700 0.00600396
118800 0.0058449
118900 0.00594716
119000 0.00593373
119100 0.00542723
119200 0.00579413
119300 0.00570759
119400 0.00601472
119500 0.00583188
119600 0.00583229
119700 0.0059401
119800 0.00568939
119900 0.00617179
120000 0.00610823
120100 0.00608288
120200 0.00599987
120300 0.00581384
120400 0.00602048
120500 0.00563079
120600 0.00595704
120700 0.00575553
120800 0.00610338
120900 0.00620766
121000 0.00594982
121100 0.00602709
121200 0.00587344
121300 0.00582367
121400 0.00614211
121500 0.00572894
121600 0.00641187
121700 0.00587062
121800 0.00609874
121900 0.00615354
122000 0.00566929
122100 0.00621679
122200 0.00581212
122300 0.00604794
122400 0.00553906
122500 0.00623795
122600 0.00608724
122700 0.00573154
122800 0.00596679
122900 0.0061509
123000 0.00604468
123100 0.00587296
123200 0.00578392
123300 0.00598152
123400 0.00615432
123500 0.00611628
123600 0.00594417
123700 0.00606193
123800 0.00573033
123900 0.00620743
124000 0.00638093
124100 0.00598208
124200 0.00614335
124300 0.00594334
124400 0.00620009
124500 0.0058959
124600 0.00597017
124700 0.00608531
124800 0.00593161
124900 0.00643179
125000 0.00600429
125100 0.00640482
125200 0.00626237
125300 0.00600503
125400 0.00626654
125500 0.00591519
125600 0.00620715
125700 0.00593716
125800 0.00577904
125900 0.00618257
126000 0.00591751
126100 0.0065036
126200 0.00630598
126300 0.00629923
126400 0.00603777
126500 0.00593268
126600 0.00653316
126700 0.00612853
126800 0.00632594
126900 0.0059676
127000 0.00650946
127100 0.00664393
127200 0.00581144
127300 0.00606412
127400 0.00617073
127500 0.00622502
127600 0.00611449
127700 0.00627225
127800 0.00592011
127900 0.00614215
128000 0.00575986
128100 0.00636857
128200 0.005901
128300 0.00574916
128400 0.00607326
128500 0.00576614
128600 0.00618452
128700 0.00606317
128800 0.00576229
128900 0.00621523
129000 0.00620206
129100 0.0059337
129200 0.00602721
129300 0.00633089
129400 0.00650604
129500 0.00579498
129600 0.00630047
129700 0.00614199
129800 0.00591005
129900 0.00641324
130000 0.00566972
130100 0.00620584
130200 0.00586566
130300 0.00629366
130400 0.00656531
130500 0.00604099
130600 0.00718888
130700 0.00601787
130800 0.00582022
130900 0.00622413
131000 0.00653111
131100 0.00596043
131200 0.00663557
131300 0.00627967
131400 0.00595938
131500 0.00644472
131600 0.00588797
131700 0.00632756
131800 0.00607841
131900 0.00603174
132000 0.00659694
132100 0.00595915
132200 0.00628989
132300 0.00583677
132400 0.00626443
132500 0.0064916
132600 0.00588225
132700 0.006463
132800 0.00616529
132900 0.00647744
133000 0.00636607
133100 0.00583728
133200 0.00665988
133300 0.0059658
133400 0.00627476
133500 0.00634125
133600 0.00643841
133700 0.00637861
133800 0.0061589
133900 0.00675899
134000 0.00612111
134100 0.00655767
134200 0.00664182
134300 0.00622474
134400 0.0062002
134500 0.00617211
134600 0.0061881
134700 0.00657038
134800 0.0060278
134900 0.00665281
135000 0.00639165
135100 0.00615387
135200 0.00656654
135300 0.00637075
135400 0.00650346
135500 0.00666111
135600 0.00649435
135700 0.00667084
135800 0.00643111
135900 0.00649409
136000 0.00649336
136100 0.00670445
136200 0.00622302
136300 0.00692813
136400 0.00595586
136500 0.00651637
136600 0.00662439
136700 0.00640135
136800 0.00659357
136900 0.00637092
137000 0.00647718
137100 0.0070993
137200 0.00653104
137300 0.00644934
137400 0.00661822
137500 0.00607221
137600 0.00669493
137700 0.00643003
137800 0.00658507
137900 0.00655491
138000 0.00612423
138100 0.00655963
138200 0.006679
138300 0.00656173
138400 0.00685203
138500 0.00639678
138600 0.00677156
138700 0.00687869
138800 0.00690152
138900 0.00636376
139000 0.00681273
139100 0.0066699
139200 0.00647445
139300 0.00663484
139400 0.00642572
139500 0.00663959
139600 0.00655515
139700 0.00660486
139800 0.00643397
139900 0.00690772
140000 0.00655315
140100 0.00668392
140200 0.00681827
140300 0.00637896
140400 0.0065589
140500 0.00688301
140600 0.00657258
140700 0.00705019
140800 0.00696865
140900 0.00641301
141000 0.00696744
141100 0.00664025
141200 0.00636319
141300 0.00707504
141400 0.00682598
141500 0.00731661
141600 0.00691706
141700 0.00639933
141800 0.00689242
141900 0.00661639
142000 0.00683414
142100 0.00686167
142200 0.00684086
142300 0.00659594
142400 0.00676213
142500 0.006828
142600 0.00625726
142700 0.00705816
142800 0.00657012
142900 0.00673433
143000 0.00698005
143100 0.00642895
143200 0.00691255
143300 0.00733279
143400 0.00663391
143500 0.00682757
143600 0.00759338
143700 0.00661991
143800 0.00691746
143900 0.00678535
144000 0.00654337
144100 0.00669113
144200 0.00687572
144300 0.00718816
144400 0.00678415
144500 0.00694464
144600 0.00687745
144700 0.00715792
144800 0.00692464
144900 0.00647158
145000 0.00707915
145100 0.00680423
145200 0.0066637
145300 0.00724238
145400 0.006842
145500 0.00666222
145600 0.00696731
145700 0.00680825
145800 0.00665178
145900 0.00724339
146000 0.00670142
146100 0.00698187
146200 0.00696948
146300 0.00765971
146400 0.0068583
146500 0.00747302
146600 0.00716423
146700 0.00715414
146800 0.00734763
146900 0.00748769
147000 0.00762428
147100 0.00717961
147200 0.00725659
147300 0.00710067
147400 0.00715445
147500 0.00748915
147600 0.00744926
147700 0.00706804
147800 0.00736808
147900 0.00744442
148000 0.00724625
148100 0.00699208
148200 0.00745133
148300 0.00713517
148400 0.00715533
148500 0.00745083
148600 0.0070813
148700 0.00737972
148800 0.00752457
148900 0.00746018
149000 0.00721921
149100 0.00734526
149200 0.00765115
149300 0.0072839
149400 0.00731087
149500 0.00768275
149600 0.00735746
149700 0.00737092
149800 0.00759306
149900 0.00711021
150000 0.00762068
150100 0.00797233
150200 0.0072113
150300 0.00711822
150400 0.00744296
150500 0.00730631
150600 0.00690437
150700 0.00764287
150800 0.00750803
150900 0.00701274
151000 0.00716551
151100 0.00745493
151200 0.00694055
151300 0.00757516
151400 0.00768012
151500 0.00726454
151600 0.0071965
151700 0.00759651
151800 0.00730801
151900 0.00714114
152000 0.00740197
152100 0.00768201
152200 0.00729
152300 0.00753821
152400 0.00747714
152500 0.00738182
152600 0.00777143
152700 0.00801507
152800 0.00742262
152900 0.00705861
153000 0.00789848
153100 0.00752433
153200 0.00791066
153300 0.00732235
153400 0.0074693
153500 0.00765488
153600 0.00718909
153700 0.00752625
153800 0.0078605
153900 0.00717339
154000 0.00753562
154100 0.00773284
154200 0.00833756
154300 0.0073635
154400 0.00742735
154500 0.00810003
154600 0.00775294
154700 0.0075149
154800 0.00764042
154900 0.00771213
155000 0.00714541
155100 0.00753792
155200 0.00745756
155300 0.00746244
155400 0.00752702
155500 0.00763062
155600 0.00741929
155700 0.00765606
155800 0.00794867
155900 0.00773075
156000 0.00737798
156100 0.00748662
156200 0.00796594
156300 0.00734413
156400 0.00777775
156500 0.00763484
156600 0.00751656
156700 0.00701569
156800 0.00775147
156900 0.00785864
157000 0.00769065
157100 0.00765152
157200 0.00776775
157300 0.00762437
157400 0.00746965
157500 0.00794048
157600 0.00779319
157700 0.00748488
157800 0.00759755
157900 0.00767106
158000 0.00770343
158100 0.00780997
158200 0.00784756
158300 0.00783995
158400 0.00727155
158500 0.00787938
158600 0.0079619
158700 0.00776189
158800 0.00747288
158900 0.00777838
159000 0.00760499
159100 0.0073859
159200 0.00795233
159300 0.00763526
159400 0.00749931
159500 0.00760636
159600 0.00807752
159700 0.00747327
159800 0.00823016
159900 0.00783279
160000 0.00788936
160100 0.00763201
160200 0.00791728
160300 0.00782879
160400 0.00793472
160500 0.00767694
160600 0.0079855
160700 0.00802749
160800 0.00787292
160900 0.00753652
161000 0.00797353
161100 0.00845582
161200 0.00770783
161300 0.00761435
161400 0.00810415
161500 0.00793111
161600 0.007715
161700 0.00770688
161800 0.00799433
161900 0.00807431
162000 0.00772412
162100 0.00800804
162200 0.00869487
162300 0.00830786
162400 0.0074853
162500 0.00815339
162600 0.00801241
162700 0.00793705
162800 0.0079709
162900 0.00830955
163000 0.00772881
163100 0.00813407
163200 0.00775112
163300 0.00812645
163400 0.00819296
163500 0.00797869
163600 0.00753954
163700 0.00794968
163800 0.00822923
163900 0.00854786
164000 0.00815381
164100 0.00817532
164200 0.00835969
164300 0.00810434
164400 0.00750541
164500 0.00809893
164600 0.00760444
164700 0.00823206
164800 0.00820243
164900 0.00792236
165000 0.00813813
165100 0.00854349
165200 0.00762678
165300 0.00771924
165400 0.00804327
165500 0.00850868
165600 0.00765584
165700 0.00757515
165800 0.00813295
165900 0.00844232
166000 0.0079068
166100 0.00770337
166200 0.00822845
166300 0.00804108
166400 0.00768277
166500 0.00765977
166600 0.00848329
166700 0.00818928
166800 0.00782932
166900 0.00780398
167000 0.00814001
167100 0.00836833
167200 0.00846163
167300 0.00783721
167400 0.00781094
167500 0.00798651
167600 0.00836411
167700 0.00746917
167800 0.00804827
167900 0.00799342
168000 0.00819911
168100 0.0079339
168200 0.00784553
168300 0.00814848
168400 0.00806316
168500 0.00756108
168600 0.00790802
168700 0.00829195
168800 0.00811678
168900 0.00781274
169000 0.00784172
169100 0.00827472
169200 0.00790243
169300 0.00794383
169400 0.00857206
169500 0.00830382
169600 0.0081218
169700 0.00826376
169800 0.00804323
169900 0.00823927
170000 0.00837189
170100 0.00814939
170200 0.00778081
170300 0.00827839
170400 0.00865627
170500 0.00871109
170600 0.00801893
170700 0.0082385
170800 0.00826207
170900 0.0082648
171000 0.00807276
171100 0.00809814
171200 0.00855225
171300 0.00829885
171400 0.00792249
171500 0.00800148
171600 0.00873725
171700 0.00835558
171800 0.00849327
171900 0.00773305
172000 0.00861651
172100 0.00843467
172200 0.00761196
172300 0.00780592
172400 0.00836808
172500 0.00844534
172600 0.00810663
172700 0.00806457
172800 0.00821095
172900 0.00806207
173000 0.00819587
173100 0.00803612
173200 0.00799973
173300 0.00775732
173400 0.00814665
173500 0.00825581
173600 0.00809962
173700 0.00813386
173800 0.00771971
173900 0.00836152
174000 0.00793602
174100 0.00811281
174200 0.00861781
174300 0.00834579
174400 0.00840545
174500 0.00817072
174600 0.00804939
174700 0.00754805
174800 0.00819337
174900 0.00835088
175000 0.00828092
175100 0.00830085
175200 0.00870467
175300 0.00814718
175400 0.00819989
175500 0.00815009
175600 0.00813008
175700 0.00830807
175800 0.00852383
175900 0.00826065
176000 0.00786483
176100 0.00831534
176200 0.00842642
176300 0.00798528
176400 0.00835912
176500 0.00831679
176600 0.00850071
176700 0.00819273
176800 0.00791814
176900 0.00838356
177000 0.00859117
177100 0.00828606
177200 0.00785336
177300 0.00907672
177400 0.00837794
177500 0.0083311
177600 0.00854241
177700 0.00857775
177800 0.00816881
177900 0.00847685
178000 0.00846144
178100 0.00848033
178200 0.00783908
178300 0.0082587
178400 0.00859168
178500 0.00844843
178600 0.00822215
178700 0.00848803
178800 0.00830669
178900 0.00858616
179000 0.00859583
179100 0.00806225
179200 0.00888689
179300 0.00863321
179400 0.00854474
179500 0.00826054
179600 0.00883843
179700 0.00871498
179800 0.0087576
179900 0.00866726
180000 0.00834355
180100 0.00858555
180200 0.00920448
180300 0.00869248
180400 0.008482
180500 0.00825536
180600 0.00889118
180700 0.00877255
180800 0.00878083
180900 0.00862056
181000 0.00895698
181100 0.00815242
181200 0.00865741
181300 0.00929746
181400 0.00903331
181500 0.00867295
181600 0.00876382
181700 0.00867911
181800 0.00902489
181900 0.00898675
182000 0.00837833
182100 0.00832025
182200 0.00887266
182300 0.00881952
182400 0.00892732
182500 0.00857753
182600 0.00840655
182700 0.0090127
182800 0.00888791
182900 0.00905332
183000 0.00892738
183100 0.00895115
183200 0.00872887
183300 0.00877451
183400 0.00880555
183500 0.00920393
183600 0.00910492
183700 0.00840229
183800 0.00920933
183900 0.00902841
184000 0.00937077
184100 0.00950612
184200 0.00916266
184300 0.00895379
184400 0.00852031
184500 0.00887422
184600 0.00925239
184700 0.00857319
184800 0.00851883
184900 0.00886826
185000 0.00898108
185100 0.00898238
185200 0.00848272
185300 0.00870725
185400 0.00879134
185500 0.00912587
185600 0.00879171
185700 0.00896099
185800 0.00959714
185900 0.00920665
186000 0.00863068
186100 0.00904765
186200 0.00949757
186300 0.00941136
186400 0.0087679
186500 0.00897389
186600 0.00904638
186700 0.00889879
186800 0.00891611
186900 0.00922985
187000 0.00941551
187100 0.00875495
187200 0.00889985
187300 0.00944728
187400 0.0091568
187500 0.00909079
187600 0.00920386
187700 0.00890821
187800 0.00927795
187900 0.00873997
188000 0.00905637
188100 0.00919118
188200 0.00997924
188300 0.00978636
188400 0.00895157
188500 0.00891402
188600 0.00866316
188700 0.00910461
188800 0.00949608
188900 0.00919231
189000 0.00885886
189100 0.0087049
189200 0.00906329
189300 0.00929462
189400 0.00940101
189500 0.00911286
189600 0.00879178
189700 0.00892681
189800 0.00928184
189900 0.00936858
190000 0.00937382
190100 0.00927999
190200 0.00886631
190300 0.00904509
190400 0.00932006
190500 0.00933869
190600 0.00938386
190700 0.00913067
190800 0.00915759
190900 0.0091504
191000 0.00913656
191100 0.00930439
191200 0.0093448
191300 0.00951314
191400 0.00941591
191500 0.00888146
191600 0.00867887
191700 0.00938414
191800 0.00914828
191900 0.00946391
192000 0.00947326
192100 0.0088726
192200 0.00909259
192300 0.00938909
192400 0.00936926
192500 0.00957292
192600 0.00929769
192700 0.00912971
192800 0.00882482
192900 0.00929994
193000 0.00956633
193100 0.00948339
193200 0.00923051
193300 0.00924157
193400 0.00933543
193500 0.00905194
193600 0.00932022
193700 0.00941284
193800 0.00933107
193900 0.00876648
194000 0.00898011
194100 0.00889655
194200 0.0092635
194300 0.0100609
194400 0.00976662
194500 0.0106711
194600 0.00883384
194700 0.00933372
194800 0.00848643
194900 0.00928235
195000 0.00951879
195100 0.00928636
195200 0.00911247
195300 0.00884503
195400 0.00926631
195500 0.00968673
195600 0.00941262
195700 0.00934691
195800 0.00921203
195900 0.00913323
196000 0.00912073
196100 0.00909638
196200 0.00922999
196300 0.00944821
196400 0.00909289
196500 0.00897603
196600 0.00935516
196700 0.00935885
196800 0.00970137
196900 0.00904503
197000 0.00913051
197100 0.00906704
197200 0.00919313
197300 0.00874126
197400 0.00907908
197500 0.00935351
197600 0.00937071
197700 0.00952442
197800 0.00914566
197900 0.00874168
198000 0.00905662
198100 0.00912256
198200 0.00937754
198300 0.00917784
198400 0.00974862
198500 0.00937774
198600 0.0102775
198700 0.00918401
198800 0.00921574
198900 0.00923601
199000 0.0093944
199100 0.00884657
199200 0.00869634
199300 0.00963266
199400 0.00984254
199500 0.00978663
199600 0.00982592
199700 0.00929078
199800 0.00974188
199900 0.00904013
200000 0.00941145
